UNKNOWN
version=1
nRows=100
nColumns=6
inDegrees=no
endheader
time	/jointset/ankle_r/ankle_angle_r/value	ext_dig_r	ext_hal_r	per_tert_r	tib_ant_r
      0.00000000	    -90.00000018	      7.40208126	      2.35921841	      1.41804054	      8.69647191
      1.00000000	    -88.18181836	      7.71508022	      2.46398678	      1.51088239	      9.44202133
      2.00000000	    -86.36363654	      8.02738007	      2.56852386	      1.60307683	     10.18682890
      3.00000000	    -84.54545472	      8.33902118	      2.67283650	      1.69462515	     10.93080279
      4.00000000	    -82.72727290	      8.65003724	      2.77692986	      1.78553331	     11.67383490
      5.00000000	    -80.90909107	      8.96045304	      2.88080675	      1.87581132	     12.41579696
      6.00000000	    -79.09090925	      9.27028168	      2.98446701	      1.96547264	     13.15653638
      7.00000000	    -77.27272743	      9.57952232	      3.08790677	      2.05453338	     13.89587174
      8.00000000	    -75.45454561	      9.88815778	      3.19111785	      2.14301149	     14.63358810
      9.00000000	    -73.63636379	     10.19615214	      3.29408706	      2.23092586	     15.36943212
     10.00000000	    -71.81818196	     10.50344848	      3.39679559	      2.31829537	     16.10310716
     11.00000000	    -70.00000014	     10.80996682	      3.49921838	      2.40513786	     16.83426832
     12.00000000	    -68.18181832	     11.11560215	      3.60132358	      2.49146911	     17.56251761
     13.00000000	    -66.36363650	     11.42022262	      3.70307200	      2.57730179	     18.28739924
     14.00000000	    -64.54545468	     11.72366814	      3.80441665	      2.66264438	     19.00839526
     15.00000000	    -62.72727286	     12.02574904	      3.90530235	      2.74750009	     19.72492146
     16.00000000	    -60.90909103	     12.32624509	      4.00566536	      2.83186589	     20.43632380
     17.00000000	    -59.09090921	     12.62490484	      4.10543315	      2.91573144	     21.14187537
     18.00000000	    -57.27272739	     12.92144519	      4.20452416	      2.99907814	     21.84077392
     19.00000000	    -55.45454557	     13.21555133	      4.30284777	      3.08187827	     22.53214015
     20.00000000	    -53.63636375	     13.50687707	      4.40030422	      3.16409414	     23.21501676
     21.00000000	    -51.81818192	     13.79504537	      4.49678472	      3.24567733	     23.88836832
     22.00000000	    -50.00000010	     14.07964932	      4.59217159	      3.32656808	     24.55108209
     23.00000000	    -48.18181828	     14.36025341	      4.68633855	      3.40669471	     25.20196967
     24.00000000	    -46.36363646	     14.63639506	      4.77915100	      3.48597319	     25.83976972
     25.00000000	    -44.54545464	     14.90758659	      4.87046655	      3.56430682	     26.46315164
     26.00000000	    -42.72727281	     15.17331729	      4.96013545	      3.64158603	     27.07072013
     27.00000000	    -40.90909099	     15.43305594	      5.04800123	      3.71768830	     27.66102090
     28.00000000	    -39.09090917	     15.68625345	      5.13390137	      3.79247821	     28.23254721
     29.00000000	    -37.27272735	     15.93234576	      5.21766806	      3.86580762	     28.78374732
     30.00000000	    -35.45454553	     16.17075687	      5.29912900	      3.93751598	     29.34146107
     31.00000000	    -33.63636370	     16.40090210	      5.37810827	      4.00743075	     29.88339989
     32.00000000	    -31.81818188	     16.62219143	      5.45442723	      4.07536796	     30.39943648
     33.00000000	    -30.00000006	     16.83403283	      5.52790552	      4.14113287	     30.88782782
     34.00000000	    -28.18181824	     17.03583579	      5.59836202	      4.20452073	     31.34684827
     35.00000000	    -26.36363642	     17.22701470	      5.66561585	      4.26531770	     31.77480045
     36.00000000	    -24.54545460	     17.40699228	      5.72948744	      4.32330176	     32.17002636
     37.00000000	    -22.72727277	     17.59620621	      5.79209568	      4.37824381	     32.53091864
     38.00000000	    -20.90909095	     17.77335591	      5.85569863	      4.42990872	     32.85593169
     39.00000000	    -19.09090913	     17.93667171	      5.91511574	      4.47805658	     33.14359275
     40.00000000	    -17.27272731	     18.08565202	      5.97018229	      4.52244385	     33.39251273
     41.00000000	    -15.45454549	     18.21982236	      6.02074111	      4.56282461	     33.60139656
     42.00000000	    -13.63636366	     18.33873694	      6.06664328	      4.59895187	     33.76905318
     43.00000000	    -11.81818184	     18.44198011	      6.10774881	      4.63057873	     33.89440482
     44.00000000	    -10.00000002	     18.52916735	      6.14392715	      4.65745969	     33.97649553
     45.00000000	     -8.18181820	     18.59994574	      6.17505772	      4.67935181	     34.01449925
     46.00000000	     -6.36363638	     18.65399403	      6.20103021	      4.69601586	     34.00772515
     47.00000000	     -4.54545455	     18.69102193	      6.22174487	      4.70721745	     33.95562540
     48.00000000	     -2.72727273	     18.71076872	      6.23711255	      4.71786652	     33.85779811
     49.00000000	     -0.90909091	     18.71300095	      6.24705465	      4.72305582	     33.71399089
     50.00000000	      0.90909091	     18.69750898	      6.25150279	      4.72173529	     33.52410260
     51.00000000	      2.72727273	     18.66410213	      6.25039823	      4.71370411	     33.28818361
     52.00000000	      4.54545455	     18.61260214	      6.24369101	      4.69877071	     33.00643455
     53.00000000	      6.36363638	     18.54283426	      6.23133863	      4.67675314	     32.67920340
     54.00000000	      8.18181820	     18.45461547	      6.21330431	      4.64747916	     32.30698086
     55.00000000	     10.00000002	     18.34773874	      6.18955442	      4.61078635	     31.89039398
     56.00000000	     11.81818184	     18.22195203	      6.16005525	      4.56652211	     31.43019800
     57.00000000	     13.63636366	     18.07692986	      6.12476832	      4.51454357	     30.92726628
     58.00000000	     15.45454549	     17.91223482	      6.08364426	      4.45471744	     30.38257837
     59.00000000	     17.27272731	     17.72726438	      6.03661426	      4.38691987	     29.79720613
     60.00000000	     19.09090913	     17.52117676	      5.98357788	      4.31103632	     29.17229792
     61.00000000	     20.90909095	     17.29278560	      5.92438654	      4.22696157	     28.50906088
     62.00000000	     22.72727277	     17.04040809	      5.85881895	      4.13459983	     27.80874120
     63.00000000	     24.54545460	     16.76164176	      5.78654539	      4.03386512	     27.07260268
     64.00000000	     26.36363642	     16.45302886	      5.70707406	      3.92468200	     26.30190343
     65.00000000	     28.18181824	     16.10954514	      5.61966844	      3.80698672	     25.49787104
     66.00000000	     30.00000006	     15.72379819	      5.52321668	      3.68072896	     24.66167650
     67.00000000	     31.81818188	     15.28475006	      5.41601898	      3.54587427	     23.79440719
     68.00000000	     33.63636370	     14.77564102	      5.29543034	      3.40240728	     22.89703969
     69.00000000	     35.45454553	     14.17057181	      5.15723930	      3.25033584	     21.97041314
     70.00000000	     37.27272735	     13.42888011	      4.99454864	      3.08969618	     21.01520449
     71.00000000	     39.09090917	     12.48617515	      4.79568789	      2.92055902	     20.03190726
     72.00000000	     40.90909099	     11.24157264	      4.54021597	      2.74303672	     19.02081595
     73.00000000	     42.72727281	      9.54580855	      4.19126305	      2.55729126	     17.98201918
     74.00000000	     44.54545464	      7.21367305	      3.68200152	      2.36354271	     16.91540480
     75.00000000	     46.36363646	      4.12067204	      2.89994532	      2.16207807	     15.82068147
     76.00000000	     48.18181828	      0.41884701	      1.70970267	      1.95325958	     14.69742121
     77.00000000	     50.00000010	     -3.35422780	      0.12320486	      1.73753217	     13.54512760
     78.00000000	     51.81818192	     -6.60661068	     -1.49843007	      1.51542911	     12.36333339
     79.00000000	     53.63636375	     -9.09923905	     -2.75445790	      1.28757505	     11.15172912
     80.00000000	     55.45454557	    -10.91735340	     -3.58824185	      1.05468586	      9.91032047
     81.00000000	     57.27272739	    -12.24559728	     -4.12909133	      0.81756438	      8.63960629
     82.00000000	     59.09090921	    -13.24382702	     -4.49632467	      0.57709208	      7.34076186
     83.00000000	     60.90909103	    -14.02270701	     -4.76260216	      0.33421632	      6.01580420
     84.00000000	     62.72727286	    -14.65336911	     -4.96816282	      0.08993376	      4.66771021
     85.00000000	     64.54545468	    -15.18073573	     -5.13524957	     -0.15472923	      3.30045714
     86.00000000	     66.36363650	    -15.63334056	     -5.27649986	     -0.39873819	      1.91896054
     87.00000000	     68.18181832	    -16.02957945	     -5.39934502	     -0.64107257	      0.52889961
     88.00000000	     70.00000014	    -16.38152176	     -5.50830222	     -0.88074696	     -0.86355976
     89.00000000	     71.81818196	    -16.69722244	     -5.60619769	     -1.11683000	     -2.25211164
     90.00000000	     73.63636379	    -16.98213963	     -5.69484223	     -1.34845999	     -3.63067742
     91.00000000	     75.45454561	    -17.24002034	     -5.77541766	     -1.57485648	     -4.99373967
     92.00000000	     77.27272743	    -17.47346301	     -5.84870560	     -1.79532753	     -6.33659674
     93.00000000	     79.09090925	    -17.68428489	     -5.91522752	     -2.00927283	     -7.65551040
     94.00000000	     80.90909107	    -17.87376533	     -5.97533289	     -2.21618293	     -8.94774163
     95.00000000	     82.72727290	    -18.04281077	     -6.02925626	     -2.41563545	    -10.21148888
     96.00000000	     84.54545472	    -18.19206856	     -6.07715506	     -2.60728884	    -11.44575571
     97.00000000	     86.36363654	    -18.32200688	     -6.11913558	     -2.79087469	    -12.65017872
     98.00000000	     88.18181836	    -18.43297183	     -6.15527039	     -2.96618915	    -13.82484367
     99.00000000	     90.00000018	    -18.52522873	     -6.18561110	     -3.13308423	    -14.97011131
