UNKNOWN
version=1
nRows=100
nColumns=6
inDegrees=no
endheader
time	/jointset/ankle_r/ankle_angle_r/value	ext_dig_r	ext_hal_r	per_tert_r	tib_ant_r
      0.00000000	    -90.00000018	    489.44026399	    155.09547775	    172.53449552	    881.73271567
      1.00000000	    -88.18181836	    489.78833223	    155.21811576	    172.38640995	    882.54486245
      2.00000000	    -86.36363654	    490.19034470	    155.35529490	    172.24549120	    883.42344810
      3.00000000	    -84.54545472	    490.64782909	    155.50738697	    172.11427685	    884.36690252
      4.00000000	    -82.72727290	    491.16179492	    155.67463388	    171.99525986	    885.37304234
      5.00000000	    -80.90909107	    491.73271006	    155.85713708	    171.89086021	    886.43898823
      6.00000000	    -79.09090925	    492.36044147	    156.05484809	    171.80339688	    887.56108494
      7.00000000	    -77.27272743	    493.04424437	    156.26755995	    171.73506059	    888.73482526
      8.00000000	    -75.45454561	    493.78273208	    156.49489999	    171.68788757	    889.95477931
      9.00000000	    -73.63636379	    494.57385652	    156.73632375	    171.66373456	    891.21453044
     10.00000000	    -71.81818196	    495.41489414	    156.99111024	    171.66425525	    892.50661910
     11.00000000	    -70.00000014	    496.30243768	    157.25835863	    171.69087849	    893.82249568
     12.00000000	    -68.18181832	    497.23239460	    157.53698635	    171.74478848	    895.15248348
     13.00000000	    -66.36363650	    498.19998747	    157.82572868	    171.82690695	    896.48575281
     14.00000000	    -64.54545468	    499.19976870	    158.12313988	    171.93787777	    897.81030699
     15.00000000	    -62.72727286	    500.22563350	    158.42759580	    172.07805394	    899.11298102
     16.00000000	    -60.90909103	    501.27084248	    158.73729793	    172.24748710	    900.37945335
     17.00000000	    -59.09090921	    502.32804931	    159.05027909	    172.44591984	    901.59427136
     18.00000000	    -57.27272739	    503.38933412	    159.36441036	    172.67278056	    902.74089056
     19.00000000	    -55.45454557	    504.44624208	    159.67740963	    172.92718129	    903.80172775
     20.00000000	    -53.63636375	    505.48982702	    159.98685129	    173.20791821	    904.75822791
     21.00000000	    -51.81818192	    506.51069956	    160.29017725	    173.51347499	    905.59094468
     22.00000000	    -50.00000010	    507.49907940	    160.58470921	    173.84202894	    906.27963383
     23.00000000	    -48.18181828	    508.44485120	    160.86766184	    174.19145987	    906.80335932
     24.00000000	    -46.36363646	    509.33762363	    161.13615704	    174.55936158	    907.14061096
     25.00000000	    -44.54545464	    510.16679089	    161.38723902	    174.94305598	    907.26943301
     26.00000000	    -42.72727281	    510.92159635	    161.61789010	    175.33960959	    907.16756251
     27.00000000	    -40.90909099	    511.59119752	    161.82504709	    175.74585241	    906.81257626
     28.00000000	    -39.09090917	    512.16473196	    162.00561817	    176.15839899	    906.18204518
     29.00000000	    -37.27272735	    512.63138343	    162.15650009	    176.57367148	    905.25369471
     30.00000000	    -35.45454553	    512.98044779	    162.27459557	    176.98792455	    904.88258645
     31.00000000	    -33.63636370	    513.20139811	    162.35683078	    177.39727200	    904.37226206
     32.00000000	    -31.81818188	    513.28394841	    162.40017271	    177.79771485	    903.43945404
     33.00000000	    -30.00000006	    513.21811571	    162.40164645	    178.18517067	    902.06553183
     34.00000000	    -28.18181824	    512.99427975	    162.35835202	    178.55550409	    900.23307407
     35.00000000	    -26.36363642	    512.60324011	    162.26748092	    178.90455802	    897.92600255
     36.00000000	    -24.54545460	    512.03627033	    162.12633200	    179.22818572	    895.12971288
     37.00000000	    -22.72727277	    511.89697709	    161.99658550	    179.52228315	    891.83120077
     38.00000000	    -20.90909095	    511.56028569	    161.94094339	    179.78282166	    888.01918273
     39.00000000	    -19.09090913	    510.98460823	    161.81581402	    180.00588060	    883.68421021
     40.00000000	    -17.27272731	    510.16560833	    161.61959317	    180.18767982	    878.81877584
     41.00000000	    -15.45454549	    509.09961393	    161.35085229	    180.32461172	    873.41741118
     42.00000000	    -13.63636366	    507.78363885	    161.00834650	    180.41327303	    867.47677470
     43.00000000	    -11.81818184	    506.21540270	    160.59102179	    180.45049416	    860.99572949
     44.00000000	    -10.00000002	    504.39334753	    160.09802152	    180.43337076	    853.97540974
     45.00000000	     -8.18181820	    502.31665174	    159.52869219	    180.35929101	    846.41928359
     46.00000000	     -6.36363638	    499.98524157	    158.88258831	    180.22596261	    838.33316282
     47.00000000	     -4.54545455	    497.39980009	    158.15947657	    180.03144058	    829.72528508
     48.00000000	     -2.72727273	    494.56177412	    157.35933917	    179.97041451	    820.60629531
     49.00000000	     -0.90909091	    491.47337951	    156.48237655	    179.86206222	    810.98926042
     50.00000000	      0.90909091	    488.13760503	    155.52900928	    179.67428169	    800.88966184
     51.00000000	      2.72727273	    484.55821586	    154.49987953	    179.40755862	    790.32537594
     52.00000000	      4.54545455	    480.73975714	    153.39585198	    179.06280006	    779.31664264
     53.00000000	      6.36363638	    476.68755898	    152.21801442	    178.64134622	    767.88602276
     54.00000000	      8.18181820	    472.40774412	    150.96767837	    178.14498090	    756.05834498
     55.00000000	     10.00000002	    467.90724019	    149.64637973	    177.57593983	    743.86064318
     56.00000000	     11.81818184	    463.19379910	    148.25588011	    176.93691704	    731.32208539
     57.00000000	     13.63636366	    458.27602698	    146.79816921	    176.23106910	    718.47389531
     58.00000000	     15.45454549	    453.16342935	    145.27546896	    175.46201704	    705.34926800
     59.00000000	     17.27272731	    447.86647832	    143.69024186	    174.63384599	    691.98328113
     60.00000000	     19.09090913	    442.39671127	    142.04519631	    173.75110223	    678.41280344
     61.00000000	     20.90909095	    436.76687505	    140.34331314	    172.81878762	    664.67640220
     62.00000000	     22.72727277	    430.99113652	    138.58786584	    171.84235103	    650.81425155
     63.00000000	     24.54545460	    425.08539516	    136.78246278	    170.82767661	    636.86804359
     64.00000000	     26.36363642	    419.06771879	    134.93110885	    169.78106857	    622.88090426
     65.00000000	     28.18181824	    412.95905096	    133.03829947	    168.70923202	    608.89731582
     66.00000000	     30.00000006	    406.78421342	    131.10916569	    167.61924929	    594.96304769
     67.00000000	     31.81818188	    400.57348381	    129.14970170	    166.51855134	    581.12509709
     68.00000000	     33.63636370	    394.36505228	    127.16712924	    165.41488350	    567.43164033
     69.00000000	     35.45454553	    388.20892787	    125.17049686	    164.31626473	    553.93199495
     70.00000000	     37.27272735	    382.17323469	    123.17169582	    163.23093974	    540.67659158
     71.00000000	     39.09090917	    376.35438741	    121.18724189	    162.16732321	    527.71695298
     72.00000000	     40.90909099	    370.89314681	    119.24150836	    161.13393521	    515.10567530
     73.00000000	     42.72727281	    365.99774967	    117.37274825	    160.13932744	    502.89640409
     74.00000000	     44.54545464	    361.96856339	    115.64428370	    159.19199988	    491.14379349
     75.00000000	     46.36363646	    359.19639330	    114.16342795	    158.30030789	    479.90343315
     76.00000000	     48.18181828	    358.07388939	    113.10180084	    157.47236032	    469.23172229
     77.00000000	     50.00000010	    358.80058763	    112.67215160	    156.71590993	    459.18566528
     78.00000000	     51.81818192	    361.24424581	    112.99498573	    156.03823793	    449.82255882
     79.00000000	     53.63636375	    365.03563735	    113.97753127	    155.44603553	    441.19953845
     80.00000000	     55.45454557	    369.77175519	    115.40958032	    154.94528597	    433.37295311
     81.00000000	     57.27272739	    375.13052123	    117.10996620	    154.54115131	    426.39754399
     82.00000000	     59.09090921	    380.88551547	    118.96300733	    154.23786866	    420.32541838
     83.00000000	     60.90909103	    386.88349756	    120.90033837	    154.03866051	    415.20483324
     84.00000000	     62.72727286	    393.02001865	    122.88090920	    153.94566389	    411.07883500
     85.00000000	     64.54545468	    399.22183915	    124.87878849	    153.95988204	    407.98383781
     86.00000000	     66.36363650	    405.43565356	    126.87656334	    154.08116135	    405.94825535
     87.00000000	     68.18181832	    411.62109903	    128.86180376	    154.30819489	    404.99132163
     88.00000000	     70.00000014	    417.74642583	    130.82512320	    154.63855237	    405.12223472
     89.00000000	     71.81818196	    423.78578381	    132.75907816	    155.06873476	    406.33973028
     90.00000000	     73.63636379	    429.71748741	    134.65752236	    155.59425053	    408.63214081
     91.00000000	     75.45454561	    435.52291371	    136.51521553	    156.20970948	    411.97793284
     92.00000000	     77.27272743	    441.18573379	    138.32758013	    156.90892951	    416.34665207
     93.00000000	     79.09090925	    446.69143541	    140.09054655	    157.68505154	    421.70016068
     94.00000000	     80.90909107	    452.02698366	    141.80045305	    158.53065796	    427.99403031
     95.00000000	     82.72727290	    457.18059236	    143.45398023	    159.43789064	    435.17895844
     96.00000000	     84.54545472	    462.14156748	    145.04810630	    160.39856503	    443.20210011
     97.00000000	     86.36363654	    466.90019998	    146.58008501	    161.40427790	    452.00824160
     98.00000000	     88.18181836	    471.44769263	    148.04741819	    162.44650691	    461.54077755
     99.00000000	     90.00000018	    475.77611079	    149.44784956	    163.51670100	    471.74248354
