TimeSlice	Time	
0	0	
5	0.001	
10	0.002	
15	0.003	
20	0.004	
25	0.005	
30	0.006	
35	0.007	
40	0.008	
45	0.009	
50	0.01	
55	0.011	
60	0.012	
65	0.013	
70	0.014	
75	0.015	
80	0.016	
85	0.017	
90	0.018	
95	0.019	
100	0.02	
105	0.021	
110	0.022	
115	0.023	
120	0.024	
125	0.025	
130	0.026	
135	0.027	
140	0.028	
145	0.029	
150	0.03	
155	0.031	
160	0.032	
165	0.033	
170	0.034	
175	0.035	
180	0.036	
185	0.037	
190	0.038	
195	0.039	
200	0.04	
205	0.041	
210	0.042	
215	0.043	
220	0.044	
225	0.045	
230	0.046	
235	0.047	
240	0.048	
245	0.049	
250	0.05	
255	0.051	
260	0.052	
265	0.053	
270	0.054	
275	0.055	
280	0.056	
285	0.057	
290	0.058	
295	0.059	
300	0.06	
305	0.061	
310	0.062	
315	0.063	
320	0.064	
325	0.065	
330	0.066	
335	0.067	
340	0.068	
345	0.069	
350	0.07	
355	0.071	
360	0.072	
365	0.073	
370	0.074	
375	0.075	
380	0.076	
385	0.077	
390	0.078	
395	0.079	
400	0.08	
405	0.081	
410	0.082	
415	0.083	
420	0.084	
425	0.085	
430	0.086	
435	0.087	
440	0.088	
445	0.089	
450	0.09	
455	0.091	
460	0.092	
465	0.093	
470	0.094	
475	0.095	
480	0.096	
485	0.097	
490	0.098	
495	0.099	
500	0.1	
505	0.101	
510	0.102	
515	0.103	
520	0.104	
525	0.105	
530	0.106	
535	0.107	
540	0.108	
545	0.109	
550	0.11	
555	0.111	
560	0.112	
565	0.113	
570	0.114	
575	0.115	
580	0.116	
585	0.117	
590	0.118	
595	0.119	
600	0.12	
605	0.121	
610	0.122	
615	0.123	
620	0.124	
625	0.125	
630	0.126	
635	0.127	
640	0.128	
645	0.129	
650	0.13	
655	0.131	
660	0.132	
665	0.133	
670	0.134	
675	0.135	
680	0.136	
685	0.137	
690	0.138	
695	0.139	
700	0.14	
705	0.141	
710	0.142	
715	0.143	
720	0.144	
725	0.145	
730	0.146	
735	0.147	
740	0.148	
745	0.149	
750	0.15	
755	0.151	
760	0.152	
765	0.153	
770	0.154	
775	0.155	
780	0.156	
785	0.157	
790	0.158	
795	0.159	
800	0.16	
805	0.161	
810	0.162	
815	0.163	
820	0.164	
825	0.165	
830	0.166	
835	0.167	
840	0.168	
845	0.169	
850	0.17	
855	0.171	
860	0.172	
865	0.173	
870	0.174	
875	0.175	
880	0.176	
885	0.177	
890	0.178	
895	0.179	
900	0.18	
905	0.181	
910	0.182	
915	0.183	
920	0.184	
925	0.185	
930	0.186	
935	0.187	
940	0.188	
945	0.189	
950	0.19	
955	0.191	
960	0.192	
965	0.193	
970	0.194	
975	0.195	
980	0.196	
985	0.197	
990	0.198	
995	0.199	
1000	0.2	
1005	0.201	
1010	0.202	
1015	0.203	
1020	0.204	
1025	0.205	
1030	0.206	
1035	0.207	
1040	0.208	
1045	0.209	
1050	0.21	
1055	0.211	
1060	0.212	
1065	0.213	
1070	0.214	
1075	0.215	
1080	0.216	
1085	0.217	
1090	0.218	
1095	0.219	
1100	0.22	
1105	0.221	
1110	0.222	
1115	0.223	
1120	0.224	
1125	0.225	
1130	0.226	
1135	0.227	
1140	0.228	
1145	0.229	
1150	0.23	
1155	0.231	
1160	0.232	
1165	0.233	
1170	0.234	
1175	0.235	
1180	0.236	
1185	0.237	
1190	0.238	
1195	0.239	
1200	0.24	
1205	0.241	
1210	0.242	
1215	0.243	
1220	0.244	
1225	0.245	
1230	0.246	
1235	0.247	
1240	0.248	
1245	0.249	
1250	0.25	
1255	0.251	
1260	0.252	
1265	0.253	
1270	0.254	
1275	0.255	
1280	0.256	
1285	0.257	
1290	0.258	
1295	0.259	
1300	0.26	
1305	0.261	
1310	0.262	
1315	0.263	
1320	0.264	
1325	0.265	
1330	0.266	
1335	0.267	
1340	0.268	
1345	0.269	
1350	0.27	
1355	0.271	
1360	0.272	
1365	0.273	
1370	0.274	
1375	0.275	
1380	0.276	
1385	0.277	
1390	0.278	
1395	0.279	
1400	0.28	
1405	0.281	
1410	0.282	
1415	0.283	
1420	0.284	
1425	0.285	
1430	0.286	
1435	0.287	
1440	0.288	
1445	0.289	
1450	0.29	
1455	0.291	
1460	0.292	
1465	0.293	
1470	0.294	
1475	0.295	
1480	0.296	
1485	0.297	
1490	0.298	
1495	0.299	
1500	0.3	
1505	0.301	
1510	0.302	
1515	0.303	
1520	0.304	
1525	0.305	
1530	0.306	
1535	0.307	
1540	0.308	
1545	0.309	
1550	0.31	
1555	0.311	
1560	0.312	
1565	0.313	
1570	0.314	
1575	0.315	
1580	0.316	
1585	0.317	
1590	0.318	
1595	0.319	
1600	0.32	
1605	0.321	
1610	0.322	
1615	0.323	
1620	0.324	
1625	0.325	
1630	0.326	
1635	0.327	
1640	0.328	
1645	0.329	
1650	0.33	
1655	0.331	
1660	0.332	
1665	0.333	
1670	0.334	
1675	0.335	
1680	0.336	
1685	0.337	
1690	0.338	
1695	0.339	
1700	0.34	
1705	0.341	
1710	0.342	
1715	0.343	
1720	0.344	
1725	0.345	
1730	0.346	
1735	0.347	
1740	0.348	
1745	0.349	
1750	0.35	
1755	0.351	
1760	0.352	
1765	0.353	
1770	0.354	
1775	0.355	
1780	0.356	
1785	0.357	
1790	0.358	
1795	0.359	
1800	0.36	
1805	0.361	
1810	0.362	
1815	0.363	
1820	0.364	
1825	0.365	
1830	0.366	
1835	0.367	
1840	0.368	
1845	0.369	
1850	0.37	
1855	0.371	
1860	0.372	
1865	0.373	
1870	0.374	
1875	0.375	
1880	0.376	
1885	0.377	
1890	0.378	
1895	0.379	
1900	0.38	
1905	0.381	
1910	0.382	
1915	0.383	
1920	0.384	
1925	0.385	
1930	0.386	
1935	0.387	
1940	0.388	
1945	0.389	
1950	0.39	
1955	0.391	
1960	0.392	
1965	0.393	
1970	0.394	
1975	0.395	
1980	0.396	
1985	0.397	
1990	0.398	
1995	0.399	
2000	0.4	
2005	0.401	
2010	0.402	
2015	0.403	
2020	0.404	
2025	0.405	
2030	0.406	
2035	0.407	
2040	0.408	
2045	0.409	
2050	0.41	
2055	0.411	
2060	0.412	
2065	0.413	
2070	0.414	
2075	0.415	
2080	0.416	
2085	0.417	
2090	0.418	
2095	0.419	
2100	0.42	
2105	0.421	
2110	0.422	
2115	0.423	
2120	0.424	
2125	0.425	
2130	0.426	
2135	0.427	
2140	0.428	
2145	0.429	
2150	0.43	
2155	0.431	
2160	0.432	
2165	0.433	
2170	0.434	
2175	0.435	
2180	0.436	
2185	0.437	
2190	0.438	
2195	0.439	
2200	0.44	
2205	0.441	
2210	0.442	
2215	0.443	
2220	0.444	
2225	0.445	
2230	0.446	
2235	0.447	
2240	0.448	
2245	0.449	
2250	0.45	
2255	0.451	
2260	0.452	
2265	0.453	
2270	0.454	
2275	0.455	
2280	0.456	
2285	0.457	
2290	0.458	
2295	0.459	
2300	0.46	
2305	0.461	
2310	0.462	
2315	0.463	
2320	0.464	
2325	0.465	
2330	0.466	
2335	0.467	
2340	0.468	
2345	0.469	
2350	0.47	
2355	0.471	
2360	0.472	
2365	0.473	
2370	0.474	
2375	0.475	
2380	0.476	
2385	0.477	
2390	0.478	
2395	0.479	
2400	0.48	
2405	0.481	
2410	0.482	
2415	0.483	
2420	0.484	
2425	0.485	
2430	0.486	
2435	0.487	
2440	0.488	
2445	0.489	
2450	0.49	
2455	0.491	
2460	0.492	
2465	0.493	
2470	0.494	
2475	0.495	
2480	0.496	
2485	0.497	
2490	0.498	
2495	0.499	
2500	0.5	
2505	0.501	
2510	0.502	
2515	0.503	
2520	0.504	
2525	0.505	
2530	0.506	
2535	0.507	
2540	0.508	
2545	0.509	
2550	0.51	
2555	0.511	
2560	0.512	
2565	0.513	
2570	0.514	
2575	0.515	
2580	0.516	
2585	0.517	
2590	0.518	
2595	0.519	
2600	0.52	
2605	0.521	
2610	0.522	
2615	0.523	
2620	0.524	
2625	0.525	
2630	0.526	
2635	0.527	
2640	0.528	
2645	0.529	
2650	0.53	
2655	0.531	
2660	0.532	
2665	0.533	
2670	0.534	
2675	0.535	
2680	0.536	
2685	0.537	
2690	0.538	
2695	0.539	
2700	0.54	
2705	0.541	
2710	0.542	
2715	0.543	
2720	0.544	
2725	0.545	
2730	0.546	
2735	0.547	
2740	0.548	
2745	0.549	
2750	0.55	
2755	0.551	
2760	0.552	
2765	0.553	
2770	0.554	
2775	0.555	
2780	0.556	
2785	0.557	
2790	0.558	
2795	0.559	
2800	0.56	
2805	0.561	
2810	0.562	
2815	0.563	
2820	0.564	
2825	0.565	
2830	0.566	
2835	0.567	
2840	0.568	
2845	0.569	
2850	0.57	
2855	0.571	
2860	0.572	
2865	0.573	
2870	0.574	
2875	0.575	
2880	0.576	
2885	0.577	
2890	0.578	
2895	0.579	
2900	0.58	
2905	0.581	
2910	0.582	
2915	0.583	
2920	0.584	
2925	0.585	
2930	0.586	
2935	0.587	
2940	0.588	
2945	0.589	
2950	0.59	
2955	0.591	
2960	0.592	
2965	0.593	
2970	0.594	
2975	0.595	
2980	0.596	
2985	0.597	
2990	0.598	
2995	0.599	
3000	0.6	
3005	0.601	
3010	0.602	
3015	0.603	
3020	0.604	
3025	0.605	
3030	0.606	
3035	0.607	
3040	0.608	
3045	0.609	
3050	0.61	
3055	0.611	
3060	0.612	
3065	0.613	
3070	0.614	
3075	0.615	
3080	0.616	
3085	0.617	
3090	0.618	
3095	0.619	
3100	0.62	
3105	0.621	
3110	0.622	
3115	0.623	
3120	0.624	
3125	0.625	
3130	0.626	
3135	0.627	
3140	0.628	
3145	0.629	
3150	0.63	
3155	0.631	
3160	0.632	
3165	0.633	
3170	0.634	
3175	0.635	
3180	0.636	
3185	0.637	
3190	0.638	
3195	0.639	
3200	0.64	
3205	0.641	
3210	0.642	
3215	0.643	
3220	0.644	
3225	0.645	
3230	0.646	
3235	0.647	
3240	0.648	
3245	0.649	
3250	0.65	
3255	0.651	
3260	0.652	
3265	0.653	
3270	0.654	
3275	0.655	
3280	0.656	
3285	0.657	
3290	0.658	
3295	0.659	
3300	0.66	
3305	0.661	
3310	0.662	
3315	0.663	
3320	0.664	
3325	0.665	
3330	0.666	
3335	0.667	
3340	0.668	
3345	0.669	
3350	0.67	
3355	0.671	
3360	0.672	
3365	0.673	
3370	0.674	
3375	0.675	
3380	0.676	
3385	0.677	
3390	0.678	
3395	0.679	
3400	0.68	
3405	0.681	
3410	0.682	
3415	0.683	
3420	0.684	
3425	0.685	
3430	0.686	
3435	0.687	
3440	0.688	
3445	0.689	
3450	0.69	
3455	0.691	
3460	0.692	
3465	0.693	
3470	0.694	
3475	0.695	
3480	0.696	
3485	0.697	
3490	0.698	
3495	0.699	
3500	0.7	
3505	0.701	
3510	0.702	
3515	0.703	
3520	0.704	
3525	0.705	
3530	0.706	
3535	0.707	
3540	0.708	
3545	0.709	
3550	0.71	
3555	0.711	
3560	0.712	
3565	0.713	
3570	0.714	
3575	0.715	
3580	0.716	
3585	0.717	
3590	0.718	
3595	0.719	
3600	0.72	
3605	0.721	
3610	0.722	
3615	0.723	
3620	0.724	
3625	0.725	
3630	0.726	
3635	0.727	
3640	0.728	
3645	0.729	
3650	0.73	
3655	0.731	
3660	0.732	
3665	0.733	
3670	0.734	
3675	0.735	
3680	0.736	
3685	0.737	
3690	0.738	
3695	0.739	
3700	0.74	
3705	0.741	
3710	0.742	
3715	0.743	
3720	0.744	
3725	0.745	
3730	0.746	
3735	0.747	
3740	0.748	
3745	0.749	
3750	0.75	
3755	0.751	
3760	0.752	
3765	0.753	
3770	0.754	
3775	0.755	
3780	0.756	
3785	0.757	
3790	0.758	
3795	0.759	
3800	0.76	
3805	0.761	
3810	0.762	
3815	0.763	
3820	0.764	
3825	0.765	
3830	0.766	
3835	0.767	
3840	0.768	
3845	0.769	
3850	0.77	
3855	0.771	
3860	0.772	
3865	0.773	
3870	0.774	
3875	0.775	
3880	0.776	
3885	0.777	
3890	0.778	
3895	0.779	
3900	0.78	
3905	0.781	
3910	0.782	
3915	0.783	
3920	0.784	
3925	0.785	
3930	0.786	
3935	0.787	
3940	0.788	
3945	0.789	
3950	0.79	
3955	0.791	
3960	0.792	
3965	0.793	
3970	0.794	
3975	0.795	
3980	0.796	
3985	0.797	
3990	0.798	
3995	0.799	
4000	0.8	
4005	0.801	
4010	0.802	
4015	0.803	
4020	0.804	
4025	0.805	
4030	0.806	
4035	0.807	
4040	0.808	
4045	0.809	
4050	0.81	
4055	0.811	
4060	0.812	
4065	0.813	
4070	0.814	
4075	0.815	
4080	0.816	
4085	0.817	
4090	0.818	
4095	0.819	
4100	0.82	
4105	0.821	
4110	0.822	
4115	0.823	
4120	0.824	
4125	0.825	
4130	0.826	
4135	0.827	
4140	0.828	
4145	0.829	
4150	0.83	
4155	0.831	
4160	0.832	
4165	0.833	
4170	0.834	
4175	0.835	
4180	0.836	
4185	0.837	
4190	0.838	
4195	0.839	
4200	0.84	
4205	0.841	
4210	0.842	
4215	0.843	
4220	0.844	
4225	0.845	
4230	0.846	
4235	0.847	
4240	0.848	
4245	0.849	
4250	0.85	
4255	0.851	
4260	0.852	
4265	0.853	
4270	0.854	
4275	0.855	
4280	0.856	
4285	0.857	
4290	0.858	
4295	0.859	
4300	0.86	
4305	0.861	
4310	0.862	
4315	0.863	
4320	0.864	
4325	0.865	
4330	0.866	
4335	0.867	
4340	0.868	
4345	0.869	
4350	0.87	
4355	0.871	
4360	0.872	
4365	0.873	
4370	0.874	
4375	0.875	
4380	0.876	
4385	0.877	
4390	0.878	
4395	0.879	
4400	0.88	
4405	0.881	
4410	0.882	
4415	0.883	
4420	0.884	
4425	0.885	
4430	0.886	
4435	0.887	
4440	0.888	
4445	0.889	
4450	0.89	
4455	0.891	
4460	0.892	
4465	0.893	
4470	0.894	
4475	0.895	
4480	0.896	
4485	0.897	
4490	0.898	
4495	0.899	
4500	0.9	
4505	0.901	
4510	0.902	
4515	0.903	
4520	0.904	
4525	0.905	
4530	0.906	
4535	0.907	
4540	0.908	
4545	0.909	
4550	0.91	
4555	0.911	
4560	0.912	
4565	0.913	
4570	0.914	
4575	0.915	
4580	0.916	
4585	0.917	
4590	0.918	
4595	0.919	
4600	0.92	
4605	0.921	
4610	0.922	
4615	0.923	
4620	0.924	
4625	0.925	
4630	0.926	
4635	0.927	
4640	0.928	
4645	0.929	
4650	0.93	
4655	0.931	
4660	0.932	
4665	0.933	
4670	0.934	
4675	0.935	
4680	0.936	
4685	0.937	
4690	0.938	
4695	0.939	
4700	0.94	
4705	0.941	
4710	0.942	
4715	0.943	
4720	0.944	
4725	0.945	
4730	0.946	
4735	0.947	
4740	0.948	
4745	0.949	
4750	0.95	
4755	0.951	
4760	0.952	
4765	0.953	
4770	0.954	
4775	0.955	
4780	0.956	
4785	0.957	
4790	0.958	
4795	0.959	
4800	0.96	
4805	0.961	
4810	0.962	
4815	0.963	
4820	0.964	
4825	0.965	
4830	0.966	
4835	0.967	
4840	0.968	
4845	0.969	
4850	0.97	
4855	0.971	
4860	0.972	
4865	0.973	
4870	0.974	
4875	0.975	
4880	0.976	
4885	0.977	
4890	0.978	
4895	0.979	
4900	0.98	
4905	0.981	
4910	0.982	
4915	0.983	
4920	0.984	
4925	0.985	
4930	0.986	
4935	0.987	
4940	0.988	
4945	0.989	
4950	0.99	
4955	0.991	
4960	0.992	
4965	0.993	
4970	0.994	
4975	0.995	
4980	0.996	
4985	0.997	
4990	0.998	
4995	0.999	
5000	1	
5005	1.001	
5010	1.002	
5015	1.003	
5020	1.004	
5025	1.005	
5030	1.006	
5035	1.007	
5040	1.008	
5045	1.009	
5050	1.01	
5055	1.011	
5060	1.012	
5065	1.013	
5070	1.014	
5075	1.015	
5080	1.016	
5085	1.017	
5090	1.018	
5095	1.019	
5100	1.02	
5105	1.021	
5110	1.022	
5115	1.023	
5120	1.024	
5125	1.025	
5130	1.026	
5135	1.027	
5140	1.028	
5145	1.029	
5150	1.03	
5155	1.031	
5160	1.032	
5165	1.033	
5170	1.034	
5175	1.035	
5180	1.036	
5185	1.037	
5190	1.038	
5195	1.039	
5200	1.04	
5205	1.041	
5210	1.042	
5215	1.043	
5220	1.044	
5225	1.045	
5230	1.046	
5235	1.047	
5240	1.048	
5245	1.049	
5250	1.05	
5255	1.051	
5260	1.052	
5265	1.053	
5270	1.054	
5275	1.055	
5280	1.056	
5285	1.057	
5290	1.058	
5295	1.059	
5300	1.06	
5305	1.061	
5310	1.062	
5315	1.063	
5320	1.064	
5325	1.065	
5330	1.066	
5335	1.067	
5340	1.068	
5345	1.069	
5350	1.07	
5355	1.071	
5360	1.072	
5365	1.073	
5370	1.074	
5375	1.075	
5380	1.076	
5385	1.077	
5390	1.078	
5395	1.079	
5400	1.08	
5405	1.081	
5410	1.082	
5415	1.083	
5420	1.084	
5425	1.085	
5430	1.086	
5435	1.087	
5440	1.088	
5445	1.089	
5450	1.09	
5455	1.091	
5460	1.092	
5465	1.093	
5470	1.094	
5475	1.095	
5480	1.096	
5485	1.097	
5490	1.098	
5495	1.099	
5500	1.1	
5505	1.101	
5510	1.102	
5515	1.103	
5520	1.104	
5525	1.105	
5530	1.106	
5535	1.107	
5540	1.108	
5545	1.109	
5550	1.11	
5555	1.111	
5560	1.112	
5565	1.113	
5570	1.114	
5575	1.115	
5580	1.116	
5585	1.117	
5590	1.118	
5595	1.119	
5600	1.12	
5605	1.121	
5610	1.122	
5615	1.123	
5620	1.124	
5625	1.125	
5630	1.126	
5635	1.127	
5640	1.128	
5645	1.129	
5650	1.13	
5655	1.131	
5660	1.132	
5665	1.133	
5670	1.134	
5675	1.135	
5680	1.136	
5685	1.137	
5690	1.138	
5695	1.139	
5700	1.14	
5705	1.141	
5710	1.142	
5715	1.143	
5720	1.144	
5725	1.145	
5730	1.146	
5735	1.147	
5740	1.148	
5745	1.149	
5750	1.15	
5755	1.151	
5760	1.152	
5765	1.153	
5770	1.154	
5775	1.155	
5780	1.156	
5785	1.157	
5790	1.158	
5795	1.159	
5800	1.16	
5805	1.161	
5810	1.162	
5815	1.163	
5820	1.164	
5825	1.165	
5830	1.166	
5835	1.167	
5840	1.168	
5845	1.169	
5850	1.17	
5855	1.171	
5860	1.172	
5865	1.173	
5870	1.174	
5875	1.175	
5880	1.176	
5885	1.177	
5890	1.178	
5895	1.179	
5900	1.18	
5905	1.181	
5910	1.182	
5915	1.183	
5920	1.184	
5925	1.185	
5930	1.186	
5935	1.187	
5940	1.188	
5945	1.189	
5950	1.19	
5955	1.191	
5960	1.192	
5965	1.193	
5970	1.194	
5975	1.195	
5980	1.196	
5985	1.197	
5990	1.198	
5995	1.199	
6000	1.2	
6005	1.201	
6010	1.202	
6015	1.203	
6020	1.204	
6025	1.205	
6030	1.206	
6035	1.207	
6040	1.208	
6045	1.209	
6050	1.21	
6055	1.211	
6060	1.212	
6065	1.213	
6070	1.214	
6075	1.215	
6080	1.216	
6085	1.217	
6090	1.218	
6095	1.219	
6100	1.22	
6105	1.221	
6110	1.222	
6115	1.223	
6120	1.224	
6125	1.225	
6130	1.226	
6135	1.227	
6140	1.228	
6145	1.229	
6150	1.23	
6155	1.231	
6160	1.232	
6165	1.233	
6170	1.234	
6175	1.235	
6180	1.236	
6185	1.237	
6190	1.238	
6195	1.239	
6200	1.24	
6205	1.241	
6210	1.242	
6215	1.243	
6220	1.244	
6225	1.245	
6230	1.246	
6235	1.247	
6240	1.248	
6245	1.249	
6250	1.25	
6255	1.251	
6260	1.252	
6265	1.253	
6270	1.254	
6275	1.255	
6280	1.256	
6285	1.257	
6290	1.258	
6295	1.259	
6300	1.26	
6305	1.261	
6310	1.262	
6315	1.263	
6320	1.264	
6325	1.265	
6330	1.266	
6335	1.267	
6340	1.268	
6345	1.269	
6350	1.27	
6355	1.271	
6360	1.272	
6365	1.273	
6370	1.274	
6375	1.275	
6380	1.276	
6385	1.277	
6390	1.278	
6395	1.279	
6400	1.28	
6405	1.281	
6410	1.282	
6415	1.283	
6420	1.284	
6425	1.285	
6430	1.286	
6435	1.287	
6440	1.288	
6445	1.289	
6450	1.29	
6455	1.291	
6460	1.292	
6465	1.293	
6470	1.294	
6475	1.295	
6480	1.296	
6485	1.297	
6490	1.298	
6495	1.299	
6500	1.3	
6505	1.301	
6510	1.302	
6515	1.303	
6520	1.304	
6525	1.305	
6530	1.306	
6535	1.307	
6540	1.308	
6545	1.309	
6550	1.31	
6555	1.311	
6560	1.312	
6565	1.313	
6570	1.314	
6575	1.315	
6580	1.316	
6585	1.317	
6590	1.318	
6595	1.319	
6600	1.32	
6605	1.321	
6610	1.322	
6615	1.323	
6620	1.324	
6625	1.325	
6630	1.326	
6635	1.327	
6640	1.328	
6645	1.329	
6650	1.33	
6655	1.331	
6660	1.332	
6665	1.333	
6670	1.334	
6675	1.335	
6680	1.336	
6685	1.337	
6690	1.338	
6695	1.339	
6700	1.34	
6705	1.341	
6710	1.342	
6715	1.343	
6720	1.344	
6725	1.345	
6730	1.346	
6735	1.347	
6740	1.348	
6745	1.349	
6750	1.35	
6755	1.351	
6760	1.352	
6765	1.353	
6770	1.354	
6775	1.355	
6780	1.356	
6785	1.357	
6790	1.358	
6795	1.359	
6800	1.36	
6805	1.361	
6810	1.362	
6815	1.363	
6820	1.364	
6825	1.365	
6830	1.366	
6835	1.367	
6840	1.368	
6845	1.369	
6850	1.37	
6855	1.371	
6860	1.372	
6865	1.373	
6870	1.374	
6875	1.375	
6880	1.376	
6885	1.377	
6890	1.378	
6895	1.379	
6900	1.38	
6905	1.381	
6910	1.382	
6915	1.383	
6920	1.384	
6925	1.385	
6930	1.386	
6935	1.387	
6940	1.388	
6945	1.389	
6950	1.39	
6955	1.391	
6960	1.392	
6965	1.393	
6970	1.394	
6975	1.395	
6980	1.396	
6985	1.397	
6990	1.398	
6995	1.399	
7000	1.4	
7005	1.401	
7010	1.402	
7015	1.403	
7020	1.404	
7025	1.405	
7030	1.406	
7035	1.407	
7040	1.408	
7045	1.409	
7050	1.41	
7055	1.411	
7060	1.412	
7065	1.413	
7070	1.414	
7075	1.415	
7080	1.416	
7085	1.417	
7090	1.418	
7095	1.419	
7100	1.42	
7105	1.421	
7110	1.422	
7115	1.423	
7120	1.424	
7125	1.425	
7130	1.426	
7135	1.427	
7140	1.428	
7145	1.429	
7150	1.43	
7155	1.431	
7160	1.432	
7165	1.433	
7170	1.434	
7175	1.435	
7180	1.436	
7185	1.437	
7190	1.438	
7195	1.439	
7200	1.44	
7205	1.441	
7210	1.442	
7215	1.443	
7220	1.444	
7225	1.445	
7230	1.446	
7235	1.447	
7240	1.448	
7245	1.449	
7250	1.45	
7255	1.451	
7260	1.452	
7265	1.453	
7270	1.454	
7275	1.455	
7280	1.456	
7285	1.457	
7290	1.458	
7295	1.459	
7300	1.46	
7305	1.461	
7310	1.462	
7315	1.463	
7320	1.464	
7325	1.465	
7330	1.466	
7335	1.467	
7340	1.468	
7345	1.469	
7350	1.47	
7355	1.471	
7360	1.472	
7365	1.473	
7370	1.474	
7375	1.475	
7380	1.476	
7385	1.477	
7390	1.478	
7395	1.479	
7400	1.48	
7405	1.481	
7410	1.482	
7415	1.483	
7420	1.484	
7425	1.485	
7430	1.486	
7435	1.487	
7440	1.488	
7445	1.489	
7450	1.49	
7455	1.491	
7460	1.492	
7465	1.493	
7470	1.494	
7475	1.495	
7480	1.496	
7485	1.497	
7490	1.498	
7495	1.499	
7500	1.5	
7505	1.501	
7510	1.502	
7515	1.503	
7520	1.504	
7525	1.505	
7530	1.506	
7535	1.507	
7540	1.508	
7545	1.509	
7550	1.51	
7555	1.511	
7560	1.512	
7565	1.513	
7570	1.514	
7575	1.515	
7580	1.516	
7585	1.517	
7590	1.518	
7595	1.519	
7600	1.52	
7605	1.521	
7610	1.522	
7615	1.523	
7620	1.524	
7625	1.525	
7630	1.526	
7635	1.527	
7640	1.528	
7645	1.529	
7650	1.53	
7655	1.531	
7660	1.532	
7665	1.533	
7670	1.534	
7675	1.535	
7680	1.536	
7685	1.537	
7690	1.538	
7695	1.539	
7700	1.54	
7705	1.541	
7710	1.542	
7715	1.543	
7720	1.544	
7725	1.545	
7730	1.546	
7735	1.547	
7740	1.548	
7745	1.549	
7750	1.55	
7755	1.551	
7760	1.552	
7765	1.553	
7770	1.554	
7775	1.555	
7780	1.556	
7785	1.557	
7790	1.558	
7795	1.559	
7800	1.56	
7805	1.561	
7810	1.562	
7815	1.563	
7820	1.564	
7825	1.565	
7830	1.566	
7835	1.567	
7840	1.568	
7845	1.569	
7850	1.57	
7855	1.571	
7860	1.572	
7865	1.573	
7870	1.574	
7875	1.575	
7880	1.576	
7885	1.577	
7890	1.578	
7895	1.579	
7900	1.58	
7905	1.581	
7910	1.582	
7915	1.583	
7920	1.584	
7925	1.585	
7930	1.586	
7935	1.587	
7940	1.588	
7945	1.589	
7950	1.59	
7955	1.591	
7960	1.592	
7965	1.593	
7970	1.594	
7975	1.595	
7980	1.596	
7985	1.597	
7990	1.598	
7995	1.599	
8000	1.6	
8005	1.601	
8010	1.602	
8015	1.603	
8020	1.604	
8025	1.605	
8030	1.606	
8035	1.607	
8040	1.608	
8045	1.609	
8050	1.61	
8055	1.611	
8060	1.612	
8065	1.613	
8070	1.614	
8075	1.615	
8080	1.616	
8085	1.617	
8090	1.618	
8095	1.619	
8100	1.62	
8105	1.621	
8110	1.622	
8115	1.623	
8120	1.624	
8125	1.625	
8130	1.626	
8135	1.627	
8140	1.628	
8145	1.629	
8150	1.63	
8155	1.631	
8160	1.632	
8165	1.633	
8170	1.634	
8175	1.635	
8180	1.636	
8185	1.637	
8190	1.638	
8195	1.639	
8200	1.64	
8205	1.641	
8210	1.642	
8215	1.643	
8220	1.644	
8225	1.645	
8230	1.646	
8235	1.647	
8240	1.648	
8245	1.649	
8250	1.65	
8255	1.651	
8260	1.652	
8265	1.653	
8270	1.654	
8275	1.655	
8280	1.656	
8285	1.657	
8290	1.658	
8295	1.659	
8300	1.66	
8305	1.661	
8310	1.662	
8315	1.663	
8320	1.664	
8325	1.665	
8330	1.666	
8335	1.667	
8340	1.668	
8345	1.669	
8350	1.67	
8355	1.671	
8360	1.672	
8365	1.673	
8370	1.674	
8375	1.675	
8380	1.676	
8385	1.677	
8390	1.678	
8395	1.679	
8400	1.68	
8405	1.681	
8410	1.682	
8415	1.683	
8420	1.684	
8425	1.685	
8430	1.686	
8435	1.687	
8440	1.688	
8445	1.689	
8450	1.69	
8455	1.691	
8460	1.692	
8465	1.693	
8470	1.694	
8475	1.695	
8480	1.696	
8485	1.697	
8490	1.698	
8495	1.699	
8500	1.7	
8505	1.701	
8510	1.702	
8515	1.703	
8520	1.704	
8525	1.705	
8530	1.706	
8535	1.707	
8540	1.708	
8545	1.709	
8550	1.71	
8555	1.711	
8560	1.712	
8565	1.713	
8570	1.714	
8575	1.715	
8580	1.716	
8585	1.717	
8590	1.718	
8595	1.719	
8600	1.72	
8605	1.721	
8610	1.722	
8615	1.723	
8620	1.724	
8625	1.725	
8630	1.726	
8635	1.727	
8640	1.728	
8645	1.729	
8650	1.73	
8655	1.731	
8660	1.732	
8665	1.733	
8670	1.734	
8675	1.735	
8680	1.736	
8685	1.737	
8690	1.738	
8695	1.739	
8700	1.74	
8705	1.741	
8710	1.742	
8715	1.743	
8720	1.744	
8725	1.745	
8730	1.746	
8735	1.747	
8740	1.748	
8745	1.749	
8750	1.75	
8755	1.751	
8760	1.752	
8765	1.753	
8770	1.754	
8775	1.755	
8780	1.756	
8785	1.757	
8790	1.758	
8795	1.759	
8800	1.76	
8805	1.761	
8810	1.762	
8815	1.763	
8820	1.764	
8825	1.765	
8830	1.766	
8835	1.767	
8840	1.768	
8845	1.769	
8850	1.77	
8855	1.771	
8860	1.772	
8865	1.773	
8870	1.774	
8875	1.775	
8880	1.776	
8885	1.777	
8890	1.778	
8895	1.779	
8900	1.78	
8905	1.781	
8910	1.782	
8915	1.783	
8920	1.784	
8925	1.785	
8930	1.786	
8935	1.787	
8940	1.788	
8945	1.789	
8950	1.79	
8955	1.791	
8960	1.792	
8965	1.793	
8970	1.794	
8975	1.795	
8980	1.796	
8985	1.797	
8990	1.798	
8995	1.799	
9000	1.8	
9005	1.801	
9010	1.802	
9015	1.803	
9020	1.804	
9025	1.805	
9030	1.806	
9035	1.807	
9040	1.808	
9045	1.809	
9050	1.81	
9055	1.811	
9060	1.812	
9065	1.813	
9070	1.814	
9075	1.815	
9080	1.816	
9085	1.817	
9090	1.818	
9095	1.819	
9100	1.82	
9105	1.821	
9110	1.822	
9115	1.823	
9120	1.824	
9125	1.825	
9130	1.826	
9135	1.827	
9140	1.828	
9145	1.829	
9150	1.83	
9155	1.831	
9160	1.832	
9165	1.833	
9170	1.834	
9175	1.835	
9180	1.836	
9185	1.837	
9190	1.838	
9195	1.839	
9200	1.84	
9205	1.841	
9210	1.842	
9215	1.843	
9220	1.844	
9225	1.845	
9230	1.846	
9235	1.847	
9240	1.848	
9245	1.849	
9250	1.85	
9255	1.851	
9260	1.852	
9265	1.853	
9270	1.854	
9275	1.855	
9280	1.856	
9285	1.857	
9290	1.858	
9295	1.859	
9300	1.86	
9305	1.861	
9310	1.862	
9315	1.863	
9320	1.864	
9325	1.865	
9330	1.866	
9335	1.867	
9340	1.868	
9345	1.869	
9350	1.87	
9355	1.871	
9360	1.872	
9365	1.873	
9370	1.874	
9375	1.875	
9380	1.876	
9385	1.877	
9390	1.878	
9395	1.879	
9400	1.88	
9405	1.881	
9410	1.882	
9415	1.883	
9420	1.884	
9425	1.885	
9430	1.886	
9435	1.887	
9440	1.888	
9445	1.889	
9450	1.89	
9455	1.891	
9460	1.892	
9465	1.893	
9470	1.894	
9475	1.895	
9480	1.896	
9485	1.897	
9490	1.898	
9495	1.899	
9500	1.9	
9505	1.901	
9510	1.902	
9515	1.903	
9520	1.904	
9525	1.905	
9530	1.906	
9535	1.907	
9540	1.908	
9545	1.909	
9550	1.91	
9555	1.911	
9560	1.912	
9565	1.913	
9570	1.914	
9575	1.915	
9580	1.916	
9585	1.917	
9590	1.918	
9595	1.919	
9600	1.92	
9605	1.921	
9610	1.922	
9615	1.923	
9620	1.924	
9625	1.925	
9630	1.926	
9635	1.927	
9640	1.928	
9645	1.929	
9650	1.93	
9655	1.931	
9660	1.932	
9665	1.933	
9670	1.934	
9675	1.935	
9680	1.936	
9685	1.937	
9690	1.938	
9695	1.939	
9700	1.94	
9705	1.941	
9710	1.942	
9715	1.943	
9720	1.944	
9725	1.945	
9730	1.946	
9735	1.947	
9740	1.948	
9745	1.949	
9750	1.95	
9755	1.951	
9760	1.952	
9765	1.953	
9770	1.954	
9775	1.955	
9780	1.956	
9785	1.957	
9790	1.958	
9795	1.959	
9800	1.96	
9805	1.961	
9810	1.962	
9815	1.963	
9820	1.964	
9825	1.965	
9830	1.966	
9835	1.967	
9840	1.968	
9845	1.969	
9850	1.97	
9855	1.971	
9860	1.972	
9865	1.973	
9870	1.974	
9875	1.975	
9880	1.976	
9885	1.977	
9890	1.978	
9895	1.979	
9900	1.98	
9905	1.981	
9910	1.982	
9915	1.983	
9920	1.984	
9925	1.985	
9930	1.986	
9935	1.987	
9940	1.988	
9945	1.989	
9950	1.99	
9955	1.991	
9960	1.992	
9965	1.993	
9970	1.994	
9975	1.995	
9980	1.996	
9985	1.997	
9990	1.998	
9995	1.999	
10000	2	
10005	2.001	
10010	2.002	
10015	2.003	
10020	2.004	
10025	2.005	
10030	2.006	
10035	2.007	
10040	2.008	
10045	2.009	
10050	2.01	
10055	2.011	
10060	2.012	
10065	2.013	
10070	2.014	
10075	2.015	
10080	2.016	
10085	2.017	
10090	2.018	
10095	2.019	
10100	2.02	
10105	2.021	
10110	2.022	
10115	2.023	
10120	2.024	
10125	2.025	
10130	2.026	
10135	2.027	
10140	2.028	
10145	2.029	
10150	2.03	
10155	2.031	
10160	2.032	
10165	2.033	
10170	2.034	
10175	2.035	
10180	2.036	
10185	2.037	
10190	2.038	
10195	2.039	
10200	2.04	
10205	2.041	
10210	2.042	
10215	2.043	
10220	2.044	
10225	2.045	
10230	2.046	
10235	2.047	
10240	2.048	
10245	2.049	
10250	2.05	
10255	2.051	
10260	2.052	
10265	2.053	
10270	2.054	
10275	2.055	
10280	2.056	
10285	2.057	
10290	2.058	
10295	2.059	
10300	2.06	
10305	2.061	
10310	2.062	
10315	2.063	
10320	2.064	
10325	2.065	
10330	2.066	
10335	2.067	
10340	2.068	
10345	2.069	
10350	2.07	
10355	2.071	
10360	2.072	
10365	2.073	
10370	2.074	
10375	2.075	
10380	2.076	
10385	2.077	
10390	2.078	
10395	2.079	
10400	2.08	
10405	2.081	
10410	2.082	
10415	2.083	
10420	2.084	
10425	2.085	
10430	2.086	
10435	2.087	
10440	2.088	
10445	2.089	
10450	2.09	
10455	2.091	
10460	2.092	
10465	2.093	
10470	2.094	
10475	2.095	
10480	2.096	
10485	2.097	
10490	2.098	
10495	2.099	
10500	2.1	
10505	2.101	
10510	2.102	
10515	2.103	
10520	2.104	
10525	2.105	
10530	2.106	
10535	2.107	
10540	2.108	
10545	2.109	
10550	2.11	
10555	2.111	
10560	2.112	
10565	2.113	
10570	2.114	
10575	2.115	
10580	2.116	
10585	2.117	
10590	2.118	
10595	2.119	
10600	2.12	
10605	2.121	
10610	2.122	
10615	2.123	
10620	2.124	
10625	2.125	
10630	2.126	
10635	2.127	
10640	2.128	
10645	2.129	
10650	2.13	
10655	2.131	
10660	2.132	
10665	2.133	
10670	2.134	
10675	2.135	
10680	2.136	
10685	2.137	
10690	2.138	
10695	2.139	
10700	2.14	
10705	2.141	
10710	2.142	
10715	2.143	
10720	2.144	
10725	2.145	
10730	2.146	
10735	2.147	
10740	2.148	
10745	2.149	
10750	2.15	
10755	2.151	
10760	2.152	
10765	2.153	
10770	2.154	
10775	2.155	
10780	2.156	
10785	2.157	
10790	2.158	
10795	2.159	
10800	2.16	
10805	2.161	
10810	2.162	
10815	2.163	
10820	2.164	
10825	2.165	
10830	2.166	
10835	2.167	
10840	2.168	
10845	2.169	
10850	2.17	
10855	2.171	
10860	2.172	
10865	2.173	
10870	2.174	
10875	2.175	
10880	2.176	
10885	2.177	
10890	2.178	
10895	2.179	
10900	2.18	
10905	2.181	
10910	2.182	
10915	2.183	
10920	2.184	
10925	2.185	
10930	2.186	
10935	2.187	
10940	2.188	
10945	2.189	
10950	2.19	
10955	2.191	
10960	2.192	
10965	2.193	
10970	2.194	
10975	2.195	
10980	2.196	
10985	2.197	
10990	2.198	
10995	2.199	
11000	2.2	
11005	2.201	
11010	2.202	
11015	2.203	
11020	2.204	
11025	2.205	
11030	2.206	
11035	2.207	
11040	2.208	
11045	2.209	
11050	2.21	
11055	2.211	
11060	2.212	
11065	2.213	
11070	2.214	
11075	2.215	
11080	2.216	
11085	2.217	
11090	2.218	
11095	2.219	
11100	2.22	
11105	2.221	
11110	2.222	
11115	2.223	
11120	2.224	
11125	2.225	
11130	2.226	
11135	2.227	
11140	2.228	
11145	2.229	
11150	2.23	
11155	2.231	
11160	2.232	
11165	2.233	
11170	2.234	
11175	2.235	
11180	2.236	
11185	2.237	
11190	2.238	
11195	2.239	
11200	2.24	
11205	2.241	
11210	2.242	
11215	2.243	
11220	2.244	
11225	2.245	
11230	2.246	
11235	2.247	
11240	2.248	
11245	2.249	
11250	2.25	
11255	2.251	
11260	2.252	
11265	2.253	
11270	2.254	
11275	2.255	
11280	2.256	
11285	2.257	
11290	2.258	
11295	2.259	
11300	2.26	
11305	2.261	
11310	2.262	
11315	2.263	
11320	2.264	
11325	2.265	
11330	2.266	
11335	2.267	
11340	2.268	
11345	2.269	
11350	2.27	
11355	2.271	
11360	2.272	
11365	2.273	
11370	2.274	
11375	2.275	
11380	2.276	
11385	2.277	
11390	2.278	
11395	2.279	
11400	2.28	
11405	2.281	
11410	2.282	
11415	2.283	
11420	2.284	
11425	2.285	
11430	2.286	
11435	2.287	
11440	2.288	
11445	2.289	
11450	2.29	
11455	2.291	
11460	2.292	
11465	2.293	
11470	2.294	
11475	2.295	
11480	2.296	
11485	2.297	
11490	2.298	
11495	2.299	
11500	2.3	
11505	2.301	
11510	2.302	
11515	2.303	
11520	2.304	
11525	2.305	
11530	2.306	
11535	2.307	
11540	2.308	
11545	2.309	
11550	2.31	
11555	2.311	
11560	2.312	
11565	2.313	
11570	2.314	
11575	2.315	
11580	2.316	
11585	2.317	
11590	2.318	
11595	2.319	
11600	2.32	
11605	2.321	
11610	2.322	
11615	2.323	
11620	2.324	
11625	2.325	
11630	2.326	
11635	2.327	
11640	2.328	
11645	2.329	
11650	2.33	
11655	2.331	
11660	2.332	
11665	2.333	
11670	2.334	
11675	2.335	
11680	2.336	
11685	2.337	
11690	2.338	
11695	2.339	
11700	2.34	
11705	2.341	
11710	2.342	
11715	2.343	
11720	2.344	
11725	2.345	
11730	2.346	
11735	2.347	
11740	2.348	
11745	2.349	
11750	2.35	
11755	2.351	
11760	2.352	
11765	2.353	
11770	2.354	
11775	2.355	
11780	2.356	
11785	2.357	
11790	2.358	
11795	2.359	
11800	2.36	
11805	2.361	
11810	2.362	
11815	2.363	
11820	2.364	
11825	2.365	
11830	2.366	
11835	2.367	
11840	2.368	
11845	2.369	
11850	2.37	
11855	2.371	
11860	2.372	
11865	2.373	
11870	2.374	
11875	2.375	
11880	2.376	
11885	2.377	
11890	2.378	
11895	2.379	
11900	2.38	
11905	2.381	
11910	2.382	
11915	2.383	
11920	2.384	
11925	2.385	
11930	2.386	
11935	2.387	
11940	2.388	
11945	2.389	
11950	2.39	
11955	2.391	
11960	2.392	
11965	2.393	
11970	2.394	
11975	2.395	
11980	2.396	
11985	2.397	
11990	2.398	
11995	2.399	
12000	2.4	
12005	2.401	
12010	2.402	
12015	2.403	
12020	2.404	
12025	2.405	
12030	2.406	
12035	2.407	
12040	2.408	
12045	2.409	
12050	2.41	
12055	2.411	
12060	2.412	
12065	2.413	
12070	2.414	
12075	2.415	
12080	2.416	
12085	2.417	
12090	2.418	
12095	2.419	
12100	2.42	
12105	2.421	
12110	2.422	
12115	2.423	
12120	2.424	
12125	2.425	
12130	2.426	
12135	2.427	
12140	2.428	
12145	2.429	
12150	2.43	
12155	2.431	
12160	2.432	
12165	2.433	
12170	2.434	
12175	2.435	
12180	2.436	
12185	2.437	
12190	2.438	
12195	2.439	
12200	2.44	
12205	2.441	
12210	2.442	
12215	2.443	
12220	2.444	
12225	2.445	
12230	2.446	
12235	2.447	
12240	2.448	
12245	2.449	
12250	2.45	
12255	2.451	
12260	2.452	
12265	2.453	
12270	2.454	
12275	2.455	
12280	2.456	
12285	2.457	
12290	2.458	
12295	2.459	
12300	2.46	
12305	2.461	
12310	2.462	
12315	2.463	
12320	2.464	
12325	2.465	
12330	2.466	
12335	2.467	
12340	2.468	
12345	2.469	
12350	2.47	
12355	2.471	
12360	2.472	
12365	2.473	
12370	2.474	
12375	2.475	
12380	2.476	
12385	2.477	
12390	2.478	
12395	2.479	
12400	2.48	
12405	2.481	
12410	2.482	
12415	2.483	
12420	2.484	
12425	2.485	
12430	2.486	
12435	2.487	
12440	2.488	
12445	2.489	
12450	2.49	
12455	2.491	
12460	2.492	
12465	2.493	
12470	2.494	
12475	2.495	
12480	2.496	
12485	2.497	
12490	2.498	
12495	2.499	
12500	2.5	
12505	2.501	
12510	2.502	
12515	2.503	
12520	2.504	
12525	2.505	
12530	2.506	
12535	2.507	
12540	2.508	
12545	2.509	
12550	2.51	
12555	2.511	
12560	2.512	
12565	2.513	
12570	2.514	
12575	2.515	
12580	2.516	
12585	2.517	
12590	2.518	
12595	2.519	
12600	2.52	
12605	2.521	
12610	2.522	
12615	2.523	
12620	2.524	
12625	2.525	
12630	2.526	
12635	2.527	
12640	2.528	
12645	2.529	
12650	2.53	
12655	2.531	
12660	2.532	
12665	2.533	
12670	2.534	
12675	2.535	
12680	2.536	
12685	2.537	
12690	2.538	
12695	2.539	
12700	2.54	
12705	2.541	
12710	2.542	
12715	2.543	
12720	2.544	
12725	2.545	
12730	2.546	
12735	2.547	
12740	2.548	
12745	2.549	
12750	2.55	
12755	2.551	
12760	2.552	
12765	2.553	
12770	2.554	
12775	2.555	
12780	2.556	
12785	2.557	
12790	2.558	
12795	2.559	
12800	2.56	
12805	2.561	
12810	2.562	
12815	2.563	
12820	2.564	
12825	2.565	
12830	2.566	
12835	2.567	
12840	2.568	
12845	2.569	
12850	2.57	
12855	2.571	
12860	2.572	
12865	2.573	
12870	2.574	
12875	2.575	
12880	2.576	
12885	2.577	
12890	2.578	
12895	2.579	
12900	2.58	
12905	2.581	
12910	2.582	
12915	2.583	
12920	2.584	
12925	2.585	
12930	2.586	
12935	2.587	
12940	2.588	
12945	2.589	
12950	2.59	
12955	2.591	
12960	2.592	
12965	2.593	
12970	2.594	
12975	2.595	
12980	2.596	
12985	2.597	
12990	2.598	
12995	2.599	
13000	2.6	
13005	2.601	
13010	2.602	
13015	2.603	
13020	2.604	
13025	2.605	
13030	2.606	
13035	2.607	
13040	2.608	
13045	2.609	
13050	2.61	
13055	2.611	
13060	2.612	
13065	2.613	
13070	2.614	
13075	2.615	
13080	2.616	
13085	2.617	
13090	2.618	
13095	2.619	
13100	2.62	
13105	2.621	
13110	2.622	
13115	2.623	
13120	2.624	
13125	2.625	
13130	2.626	
13135	2.627	
13140	2.628	
13145	2.629	
13150	2.63	
13155	2.631	
13160	2.632	
13165	2.633	
13170	2.634	
13175	2.635	
13180	2.636	
13185	2.637	
13190	2.638	
13195	2.639	
13200	2.64	
13205	2.641	
13210	2.642	
13215	2.643	
13220	2.644	
13225	2.645	
13230	2.646	
13235	2.647	
13240	2.648	
13245	2.649	
13250	2.65	
13255	2.651	
13260	2.652	
13265	2.653	
13270	2.654	
13275	2.655	
13280	2.656	
13285	2.657	
13290	2.658	
13295	2.659	
13300	2.66	
13305	2.661	
13310	2.662	
13315	2.663	
13320	2.664	
13325	2.665	
13330	2.666	
13335	2.667	
13340	2.668	
13345	2.669	
13350	2.67	
13355	2.671	
13360	2.672	
13365	2.673	
13370	2.674	
13375	2.675	
13380	2.676	
13385	2.677	
13390	2.678	
13395	2.679	
13400	2.68	
13405	2.681	
13410	2.682	
13415	2.683	
13420	2.684	
13425	2.685	
13430	2.686	
13435	2.687	
13440	2.688	
13445	2.689	
13450	2.69	
13455	2.691	
13460	2.692	
13465	2.693	
13470	2.694	
13475	2.695	
13480	2.696	
13485	2.697	
13490	2.698	
13495	2.699	
13500	2.7	
13505	2.701	
13510	2.702	
13515	2.703	
13520	2.704	
13525	2.705	
13530	2.706	
13535	2.707	
13540	2.708	
13545	2.709	
13550	2.71	
13555	2.711	
13560	2.712	
13565	2.713	
13570	2.714	
13575	2.715	
13580	2.716	
13585	2.717	
13590	2.718	
13595	2.719	
13600	2.72	
13605	2.721	
13610	2.722	
13615	2.723	
13620	2.724	
13625	2.725	
13630	2.726	
13635	2.727	
13640	2.728	
13645	2.729	
13650	2.73	
13655	2.731	
13660	2.732	
13665	2.733	
13670	2.734	
13675	2.735	
13680	2.736	
13685	2.737	
13690	2.738	
13695	2.739	
13700	2.74	
13705	2.741	
13710	2.742	
13715	2.743	
13720	2.744	
13725	2.745	
13730	2.746	
13735	2.747	
13740	2.748	
13745	2.749	
13750	2.75	
13755	2.751	
13760	2.752	
13765	2.753	
13770	2.754	
13775	2.755	
13780	2.756	
13785	2.757	
13790	2.758	
13795	2.759	
13800	2.76	
13805	2.761	
13810	2.762	
13815	2.763	
13820	2.764	
13825	2.765	
13830	2.766	
13835	2.767	
13840	2.768	
13845	2.769	
13850	2.77	
13855	2.771	
13860	2.772	
13865	2.773	
13870	2.774	
13875	2.775	
13880	2.776	
13885	2.777	
13890	2.778	
13895	2.779	
13900	2.78	
13905	2.781	
13910	2.782	
13915	2.783	
13920	2.784	
13925	2.785	
13930	2.786	
13935	2.787	
13940	2.788	
13945	2.789	
13950	2.79	
13955	2.791	
13960	2.792	
13965	2.793	
13970	2.794	
13975	2.795	
13980	2.796	
13985	2.797	
13990	2.798	
13995	2.799	
14000	2.8	
14005	2.801	
14010	2.802	
14015	2.803	
14020	2.804	
14025	2.805	
14030	2.806	
14035	2.807	
14040	2.808	
14045	2.809	
14050	2.81	
14055	2.811	
14060	2.812	
14065	2.813	
14070	2.814	
14075	2.815	
14080	2.816	
14085	2.817	
14090	2.818	
14095	2.819	
14100	2.82	
14105	2.821	
14110	2.822	
14115	2.823	
14120	2.824	
14125	2.825	
14130	2.826	
14135	2.827	
14140	2.828	
14145	2.829	
14150	2.83	
14155	2.831	
14160	2.832	
14165	2.833	
14170	2.834	
14175	2.835	
14180	2.836	
14185	2.837	
14190	2.838	
14195	2.839	
14200	2.84	
14205	2.841	
14210	2.842	
14215	2.843	
14220	2.844	
14225	2.845	
14230	2.846	
14235	2.847	
14240	2.848	
14245	2.849	
14250	2.85	
14255	2.851	
14260	2.852	
14265	2.853	
14270	2.854	
14275	2.855	
14280	2.856	
14285	2.857	
14290	2.858	
14295	2.859	
14300	2.86	
14305	2.861	
14310	2.862	
14315	2.863	
14320	2.864	
14325	2.865	
14330	2.866	
14335	2.867	
14340	2.868	
14345	2.869	
14350	2.87	
14355	2.871	
14360	2.872	
14365	2.873	
14370	2.874	
14375	2.875	
14380	2.876	
14385	2.877	
14390	2.878	
14395	2.879	
14400	2.88	
14405	2.881	
14410	2.882	
14415	2.883	
14420	2.884	
14425	2.885	
14430	2.886	
14435	2.887	
14440	2.888	
14445	2.889	
14450	2.89	
14455	2.891	
14460	2.892	
14465	2.893	
14470	2.894	
14475	2.895	
14480	2.896	
14485	2.897	
14490	2.898	
14495	2.899	
14500	2.9	
14505	2.901	
14510	2.902	
14515	2.903	
14520	2.904	
14525	2.905	
14530	2.906	
14535	2.907	
14540	2.908	
14545	2.909	
14550	2.91	
14555	2.911	
14560	2.912	
14565	2.913	
14570	2.914	
14575	2.915	
14580	2.916	
14585	2.917	
14590	2.918	
14595	2.919	
14600	2.92	
14605	2.921	
14610	2.922	
14615	2.923	
14620	2.924	
14625	2.925	
14630	2.926	
14635	2.927	
14640	2.928	
14645	2.929	
14650	2.93	
14655	2.931	
14660	2.932	
14665	2.933	
14670	2.934	
14675	2.935	
14680	2.936	
14685	2.937	
14690	2.938	
14695	2.939	
14700	2.94	
14705	2.941	
14710	2.942	
14715	2.943	
14720	2.944	
14725	2.945	
14730	2.946	
14735	2.947	
14740	2.948	
14745	2.949	
14750	2.95	
14755	2.951	
14760	2.952	
14765	2.953	
14770	2.954	
14775	2.955	
14780	2.956	
14785	2.957	
14790	2.958	
14795	2.959	
14800	2.96	
14805	2.961	
14810	2.962	
14815	2.963	
14820	2.964	
14825	2.965	
14830	2.966	
14835	2.967	
14840	2.968	
14845	2.969	
14850	2.97	
14855	2.971	
14860	2.972	
14865	2.973	
14870	2.974	
14875	2.975	
14880	2.976	
14885	2.977	
14890	2.978	
14895	2.979	
14900	2.98	
14905	2.981	
14910	2.982	
14915	2.983	
14920	2.984	
14925	2.985	
14930	2.986	
14935	2.987	
14940	2.988	
14945	2.989	
14950	2.99	
14955	2.991	
14960	2.992	
14965	2.993	
14970	2.994	
14975	2.995	
14980	2.996	
14985	2.997	
14990	2.998	
14995	2.999	
15000	3	
15005	3.001	
15010	3.002	
15015	3.003	
15020	3.004	
15025	3.005	
15030	3.006	
15035	3.007	
15040	3.008	
15045	3.009	
15050	3.01	
15055	3.011	
15060	3.012	
15065	3.013	
15070	3.014	
15075	3.015	
15080	3.016	
15085	3.017	
15090	3.018	
15095	3.019	
15100	3.02	
15105	3.021	
15110	3.022	
15115	3.023	
15120	3.024	
15125	3.025	
15130	3.026	
15135	3.027	
15140	3.028	
15145	3.029	
15150	3.03	
15155	3.031	
15160	3.032	
15165	3.033	
15170	3.034	
15175	3.035	
15180	3.036	
15185	3.037	
15190	3.038	
15195	3.039	
15200	3.04	
15205	3.041	
15210	3.042	
15215	3.043	
15220	3.044	
15225	3.045	
15230	3.046	
15235	3.047	
15240	3.048	
15245	3.049	
15250	3.05	
15255	3.051	
15260	3.052	
15265	3.053	
15270	3.054	
15275	3.055	
15280	3.056	
15285	3.057	
15290	3.058	
15295	3.059	
15300	3.06	
15305	3.061	
15310	3.062	
15315	3.063	
15320	3.064	
15325	3.065	
15330	3.066	
15335	3.067	
15340	3.068	
15345	3.069	
15350	3.07	
15355	3.071	
15360	3.072	
15365	3.073	
15370	3.074	
15375	3.075	
15380	3.076	
15385	3.077	
15390	3.078	
15395	3.079	
15400	3.08	
15405	3.081	
15410	3.082	
15415	3.083	
15420	3.084	
15425	3.085	
15430	3.086	
15435	3.087	
15440	3.088	
15445	3.089	
15450	3.09	
15455	3.091	
15460	3.092	
15465	3.093	
15470	3.094	
15475	3.095	
15480	3.096	
15485	3.097	
15490	3.098	
15495	3.099	
15500	3.1	
15505	3.101	
15510	3.102	
15515	3.103	
15520	3.104	
15525	3.105	
15530	3.106	
15535	3.107	
15540	3.108	
15545	3.109	
15550	3.11	
15555	3.111	
15560	3.112	
15565	3.113	
15570	3.114	
15575	3.115	
15580	3.116	
15585	3.117	
15590	3.118	
15595	3.119	
15600	3.12	
15605	3.121	
15610	3.122	
15615	3.123	
15620	3.124	
15625	3.125	
15630	3.126	
15635	3.127	
15640	3.128	
15645	3.129	
15650	3.13	
15655	3.131	
15660	3.132	
15665	3.133	
15670	3.134	
15675	3.135	
15680	3.136	
15685	3.137	
15690	3.138	
15695	3.139	
15700	3.14	
15705	3.141	
15710	3.142	
15715	3.143	
15720	3.144	
15725	3.145	
15730	3.146	
15735	3.147	
15740	3.148	
15745	3.149	
15750	3.15	
15755	3.151	
15760	3.152	
15765	3.153	
15770	3.154	
15775	3.155	
15780	3.156	
15785	3.157	
15790	3.158	
15795	3.159	
15800	3.16	
15805	3.161	
15810	3.162	
15815	3.163	
15820	3.164	
15825	3.165	
15830	3.166	
15835	3.167	
15840	3.168	
15845	3.169	
15850	3.17	
15855	3.171	
15860	3.172	
15865	3.173	
15870	3.174	
15875	3.175	
15880	3.176	
15885	3.177	
15890	3.178	
15895	3.179	
15900	3.18	
15905	3.181	
15910	3.182	
15915	3.183	
15920	3.184	
15925	3.185	
15930	3.186	
15935	3.187	
15940	3.188	
15945	3.189	
15950	3.19	
15955	3.191	
15960	3.192	
15965	3.193	
15970	3.194	
15975	3.195	
15980	3.196	
15985	3.197	
15990	3.198	
15995	3.199	
16000	3.2	
16005	3.201	
16010	3.202	
16015	3.203	
16020	3.204	
16025	3.205	
16030	3.206	
16035	3.207	
16040	3.208	
16045	3.209	
16050	3.21	
16055	3.211	
16060	3.212	
16065	3.213	
16070	3.214	
16075	3.215	
16080	3.216	
16085	3.217	
16090	3.218	
16095	3.219	
16100	3.22	
16105	3.221	
16110	3.222	
16115	3.223	
16120	3.224	
16125	3.225	
16130	3.226	
16135	3.227	
16140	3.228	
16145	3.229	
16150	3.23	
16155	3.231	
16160	3.232	
16165	3.233	
16170	3.234	
16175	3.235	
16180	3.236	
16185	3.237	
16190	3.238	
16195	3.239	
16200	3.24	
16205	3.241	
16210	3.242	
16215	3.243	
16220	3.244	
16225	3.245	
16230	3.246	
16235	3.247	
16240	3.248	
16245	3.249	
16250	3.25	
16255	3.251	
16260	3.252	
16265	3.253	
16270	3.254	
16275	3.255	
16280	3.256	
16285	3.257	
16290	3.258	
16295	3.259	
16300	3.26	
16305	3.261	
16310	3.262	
16315	3.263	
16320	3.264	
16325	3.265	
16330	3.266	
16335	3.267	
16340	3.268	
16345	3.269	
16350	3.27	
16355	3.271	
16360	3.272	
16365	3.273	
16370	3.274	
16375	3.275	
16380	3.276	
16385	3.277	
16390	3.278	
16395	3.279	
16400	3.28	
16405	3.281	
16410	3.282	
16415	3.283	
16420	3.284	
16425	3.285	
16430	3.286	
16435	3.287	
16440	3.288	
16445	3.289	
16450	3.29	
16455	3.291	
16460	3.292	
16465	3.293	
16470	3.294	
16475	3.295	
16480	3.296	
16485	3.297	
16490	3.298	
16495	3.299	
16500	3.3	
16505	3.301	
16510	3.302	
16515	3.303	
16520	3.304	
16525	3.305	
16530	3.306	
16535	3.307	
16540	3.308	
16545	3.309	
16550	3.31	
16555	3.311	
16560	3.312	
16565	3.313	
16570	3.314	
16575	3.315	
16580	3.316	
16585	3.317	
16590	3.318	
16595	3.319	
16600	3.32	
16605	3.321	
16610	3.322	
16615	3.323	
16620	3.324	
16625	3.325	
16630	3.326	
16635	3.327	
16640	3.328	
16645	3.329	
16650	3.33	
16655	3.331	
16660	3.332	
16665	3.333	
16670	3.334	
16675	3.335	
16680	3.336	
16685	3.337	
16690	3.338	
16695	3.339	
16700	3.34	
16705	3.341	
16710	3.342	
16715	3.343	
16720	3.344	
16725	3.345	
16730	3.346	
16735	3.347	
16740	3.348	
16745	3.349	
16750	3.35	
16755	3.351	
16760	3.352	
16765	3.353	
16770	3.354	
16775	3.355	
16780	3.356	
16785	3.357	
16790	3.358	
16795	3.359	
16800	3.36	
16805	3.361	
16810	3.362	
16815	3.363	
16820	3.364	
16825	3.365	
16830	3.366	
16835	3.367	
16840	3.368	
16845	3.369	
16850	3.37	
16855	3.371	
16860	3.372	
16865	3.373	
16870	3.374	
16875	3.375	
16880	3.376	
16885	3.377	
16890	3.378	
16895	3.379	
16900	3.38	
16905	3.381	
16910	3.382	
16915	3.383	
16920	3.384	
16925	3.385	
16930	3.386	
16935	3.387	
16940	3.388	
16945	3.389	
16950	3.39	
16955	3.391	
16960	3.392	
16965	3.393	
16970	3.394	
16975	3.395	
16980	3.396	
16985	3.397	
16990	3.398	
16995	3.399	
17000	3.4	
17005	3.401	
17010	3.402	
17015	3.403	
17020	3.404	
17025	3.405	
17030	3.406	
17035	3.407	
17040	3.408	
17045	3.409	
17050	3.41	
17055	3.411	
17060	3.412	
17065	3.413	
17070	3.414	
17075	3.415	
17080	3.416	
17085	3.417	
17090	3.418	
17095	3.419	
17100	3.42	
17105	3.421	
17110	3.422	
17115	3.423	
17120	3.424	
17125	3.425	
17130	3.426	
17135	3.427	
17140	3.428	
17145	3.429	
17150	3.43	
17155	3.431	
17160	3.432	
17165	3.433	
17170	3.434	
17175	3.435	
17180	3.436	
17185	3.437	
17190	3.438	
17195	3.439	
17200	3.44	
17205	3.441	
17210	3.442	
17215	3.443	
17220	3.444	
17225	3.445	
17230	3.446	
17235	3.447	
17240	3.448	
17245	3.449	
17250	3.45	
17255	3.451	
17260	3.452	
17265	3.453	
17270	3.454	
17275	3.455	
17280	3.456	
17285	3.457	
17290	3.458	
17295	3.459	
17300	3.46	
17305	3.461	
17310	3.462	
17315	3.463	
17320	3.464	
17325	3.465	
17330	3.466	
17335	3.467	
17340	3.468	
17345	3.469	
17350	3.47	
17355	3.471	
17360	3.472	
17365	3.473	
17370	3.474	
17375	3.475	
17380	3.476	
17385	3.477	
17390	3.478	
17395	3.479	
17400	3.48	
17405	3.481	
17410	3.482	
17415	3.483	
17420	3.484	
17425	3.485	
17430	3.486	
17435	3.487	
17440	3.488	
17445	3.489	
17450	3.49	
17455	3.491	
17460	3.492	
17465	3.493	
17470	3.494	
17475	3.495	
17480	3.496	
17485	3.497	
17490	3.498	
17495	3.499	
17500	3.5	
17505	3.501	
17510	3.502	
17515	3.503	
17520	3.504	
17525	3.505	
17530	3.506	
17535	3.507	
17540	3.508	
17545	3.509	
17550	3.51	
17555	3.511	
17560	3.512	
17565	3.513	
17570	3.514	
17575	3.515	
17580	3.516	
17585	3.517	
17590	3.518	
17595	3.519	
17600	3.52	
17605	3.521	
17610	3.522	
17615	3.523	
17620	3.524	
17625	3.525	
17630	3.526	
17635	3.527	
17640	3.528	
17645	3.529	
17650	3.53	
17655	3.531	
17660	3.532	
17665	3.533	
17670	3.534	
17675	3.535	
17680	3.536	
17685	3.537	
17690	3.538	
17695	3.539	
17700	3.54	
17705	3.541	
17710	3.542	
17715	3.543	
17720	3.544	
17725	3.545	
17730	3.546	
17735	3.547	
17740	3.548	
17745	3.549	
17750	3.55	
17755	3.551	
17760	3.552	
17765	3.553	
17770	3.554	
17775	3.555	
17780	3.556	
17785	3.557	
17790	3.558	
17795	3.559	
17800	3.56	
17805	3.561	
17810	3.562	
17815	3.563	
17820	3.564	
17825	3.565	
17830	3.566	
17835	3.567	
17840	3.568	
17845	3.569	
17850	3.57	
17855	3.571	
17860	3.572	
17865	3.573	
17870	3.574	
17875	3.575	
17880	3.576	
17885	3.577	
17890	3.578	
17895	3.579	
17900	3.58	
17905	3.581	
17910	3.582	
17915	3.583	
17920	3.584	
17925	3.585	
17930	3.586	
17935	3.587	
17940	3.588	
17945	3.589	
17950	3.59	
17955	3.591	
17960	3.592	
17965	3.593	
17970	3.594	
17975	3.595	
17980	3.596	
17985	3.597	
17990	3.598	
17995	3.599	
18000	3.6	
18005	3.601	
18010	3.602	
18015	3.603	
18020	3.604	
18025	3.605	
18030	3.606	
18035	3.607	
18040	3.608	
18045	3.609	
18050	3.61	
18055	3.611	
18060	3.612	
18065	3.613	
18070	3.614	
18075	3.615	
18080	3.616	
18085	3.617	
18090	3.618	
18095	3.619	
18100	3.62	
18105	3.621	
18110	3.622	
18115	3.623	
18120	3.624	
18125	3.625	
18130	3.626	
18135	3.627	
18140	3.628	
18145	3.629	
18150	3.63	
18155	3.631	
18160	3.632	
18165	3.633	
18170	3.634	
18175	3.635	
18180	3.636	
18185	3.637	
18190	3.638	
18195	3.639	
18200	3.64	
18205	3.641	
18210	3.642	
18215	3.643	
18220	3.644	
18225	3.645	
18230	3.646	
18235	3.647	
18240	3.648	
18245	3.649	
18250	3.65	
18255	3.651	
18260	3.652	
18265	3.653	
18270	3.654	
18275	3.655	
18280	3.656	
18285	3.657	
18290	3.658	
18295	3.659	
18300	3.66	
18305	3.661	
18310	3.662	
18315	3.663	
18320	3.664	
18325	3.665	
18330	3.666	
18335	3.667	
18340	3.668	
18345	3.669	
18350	3.67	
18355	3.671	
18360	3.672	
18365	3.673	
18370	3.674	
18375	3.675	
18380	3.676	
18385	3.677	
18390	3.678	
18395	3.679	
18400	3.68	
18405	3.681	
18410	3.682	
18415	3.683	
18420	3.684	
18425	3.685	
18430	3.686	
18435	3.687	
18440	3.688	
18445	3.689	
18450	3.69	
18455	3.691	
18460	3.692	
18465	3.693	
18470	3.694	
18475	3.695	
18480	3.696	
18485	3.697	
18490	3.698	
18495	3.699	
18500	3.7	
18505	3.701	
18510	3.702	
18515	3.703	
18520	3.704	
18525	3.705	
18530	3.706	
18535	3.707	
18540	3.708	
18545	3.709	
18550	3.71	
18555	3.711	
18560	3.712	
18565	3.713	
18570	3.714	
18575	3.715	
18580	3.716	
18585	3.717	
18590	3.718	
18595	3.719	
18600	3.72	
18605	3.721	
18610	3.722	
18615	3.723	
18620	3.724	
18625	3.725	
18630	3.726	
18635	3.727	
18640	3.728	
18645	3.729	
18650	3.73	
18655	3.731	
18660	3.732	
18665	3.733	
18670	3.734	
18675	3.735	
18680	3.736	
18685	3.737	
18690	3.738	
18695	3.739	
18700	3.74	
18705	3.741	
18710	3.742	
18715	3.743	
18720	3.744	
18725	3.745	
18730	3.746	
18735	3.747	
18740	3.748	
18745	3.749	
18750	3.75	
18755	3.751	
18760	3.752	
18765	3.753	
18770	3.754	
18775	3.755	
18780	3.756	
18785	3.757	
18790	3.758	
18795	3.759	
18800	3.76	
18805	3.761	
18810	3.762	
18815	3.763	
18820	3.764	
18825	3.765	
18830	3.766	
18835	3.767	
18840	3.768	
18845	3.769	
18850	3.77	
18855	3.771	
18860	3.772	
18865	3.773	
18870	3.774	
18875	3.775	
18880	3.776	
18885	3.777	
18890	3.778	
18895	3.779	
18900	3.78	
18905	3.781	
18910	3.782	
18915	3.783	
18920	3.784	
18925	3.785	
18930	3.786	
18935	3.787	
18940	3.788	
18945	3.789	
18950	3.79	
18955	3.791	
18960	3.792	
18965	3.793	
18970	3.794	
18975	3.795	
18980	3.796	
18985	3.797	
18990	3.798	
18995	3.799	
19000	3.8	
19005	3.801	
19010	3.802	
19015	3.803	
19020	3.804	
19025	3.805	
19030	3.806	
19035	3.807	
19040	3.808	
19045	3.809	
19050	3.81	
19055	3.811	
19060	3.812	
19065	3.813	
19070	3.814	
19075	3.815	
19080	3.816	
19085	3.817	
19090	3.818	
19095	3.819	
19100	3.82	
19105	3.821	
19110	3.822	
19115	3.823	
19120	3.824	
19125	3.825	
19130	3.826	
19135	3.827	
19140	3.828	
19145	3.829	
19150	3.83	
19155	3.831	
19160	3.832	
19165	3.833	
19170	3.834	
19175	3.835	
19180	3.836	
19185	3.837	
19190	3.838	
19195	3.839	
19200	3.84	
19205	3.841	
19210	3.842	
19215	3.843	
19220	3.844	
19225	3.845	
19230	3.846	
19235	3.847	
19240	3.848	
19245	3.849	
19250	3.85	
19255	3.851	
19260	3.852	
19265	3.853	
19270	3.854	
19275	3.855	
19280	3.856	
19285	3.857	
19290	3.858	
19295	3.859	
19300	3.86	
19305	3.861	
19310	3.862	
19315	3.863	
19320	3.864	
19325	3.865	
19330	3.866	
19335	3.867	
19340	3.868	
19345	3.869	
19350	3.87	
19355	3.871	
19360	3.872	
19365	3.873	
19370	3.874	
19375	3.875	
19380	3.876	
19385	3.877	
19390	3.878	
19395	3.879	
19400	3.88	
19405	3.881	
19410	3.882	
19415	3.883	
19420	3.884	
19425	3.885	
19430	3.886	
19435	3.887	
19440	3.888	
19445	3.889	
19450	3.89	
19455	3.891	
19460	3.892	
19465	3.893	
19470	3.894	
19475	3.895	
19480	3.896	
19485	3.897	
19490	3.898	
19495	3.899	
19500	3.9	
19505	3.901	
19510	3.902	
19515	3.903	
19520	3.904	
19525	3.905	
19530	3.906	
19535	3.907	
19540	3.908	
19545	3.909	
19550	3.91	
19555	3.911	
19560	3.912	
19565	3.913	
19570	3.914	
19575	3.915	
19580	3.916	
19585	3.917	
19590	3.918	
19595	3.919	
19600	3.92	
19605	3.921	
19610	3.922	
19615	3.923	
19620	3.924	
19625	3.925	
19630	3.926	
19635	3.927	
19640	3.928	
19645	3.929	
19650	3.93	
19655	3.931	
19660	3.932	
19665	3.933	
19670	3.934	
19675	3.935	
19680	3.936	
19685	3.937	
19690	3.938	
19695	3.939	
19700	3.94	
19705	3.941	
19710	3.942	
19715	3.943	
19720	3.944	
19725	3.945	
19730	3.946	
19735	3.947	
19740	3.948	
19745	3.949	
19750	3.95	
19755	3.951	
19760	3.952	
19765	3.953	
19770	3.954	
19775	3.955	
19780	3.956	
19785	3.957	
19790	3.958	
19795	3.959	
19800	3.96	
19805	3.961	
19810	3.962	
19815	3.963	
19820	3.964	
19825	3.965	
19830	3.966	
19835	3.967	
19840	3.968	
19845	3.969	
19850	3.97	
19855	3.971	
19860	3.972	
19865	3.973	
19870	3.974	
19875	3.975	
19880	3.976	
19885	3.977	
19890	3.978	
19895	3.979	
19900	3.98	
19905	3.981	
19910	3.982	
19915	3.983	
19920	3.984	
19925	3.985	
19930	3.986	
19935	3.987	
19940	3.988	
19945	3.989	
19950	3.99	
19955	3.991	
19960	3.992	
19965	3.993	
19970	3.994	
19975	3.995	
19980	3.996	
19985	3.997	
19990	3.998	
19995	3.999	
20000	4	
20005	4.001	
20010	4.002	
20015	4.003	
20020	4.004	
20025	4.005	
20030	4.006	
20035	4.007	
20040	4.008	
20045	4.009	
20050	4.01	
20055	4.011	
20060	4.012	
20065	4.013	
20070	4.014	
20075	4.015	
20080	4.016	
20085	4.017	
20090	4.018	
20095	4.019	
20100	4.02	
20105	4.021	
20110	4.022	
20115	4.023	
20120	4.024	
20125	4.025	
20130	4.026	
20135	4.027	
20140	4.028	
20145	4.029	
20150	4.03	
20155	4.031	
20160	4.032	
20165	4.033	
20170	4.034	
20175	4.035	
20180	4.036	
20185	4.037	
20190	4.038	
20195	4.039	
20200	4.04	
20205	4.041	
20210	4.042	
20215	4.043	
20220	4.044	
20225	4.045	
20230	4.046	
20235	4.047	
20240	4.048	
20245	4.049	
20250	4.05	
20255	4.051	
20260	4.052	
20265	4.053	
20270	4.054	
20275	4.055	
20280	4.056	
20285	4.057	
20290	4.058	
20295	4.059	
20300	4.06	
20305	4.061	
20310	4.062	
20315	4.063	
20320	4.064	
20325	4.065	
20330	4.066	
20335	4.067	
20340	4.068	
20345	4.069	
20350	4.07	
20355	4.071	
20360	4.072	
20365	4.073	
20370	4.074	
20375	4.075	
20380	4.076	
20385	4.077	
20390	4.078	
20395	4.079	
20400	4.08	
20405	4.081	
20410	4.082	
20415	4.083	
20420	4.084	
20425	4.085	
20430	4.086	
20435	4.087	
20440	4.088	
20445	4.089	
20450	4.09	
20455	4.091	
20460	4.092	
20465	4.093	
20470	4.094	
20475	4.095	
20480	4.096	
20485	4.097	
20490	4.098	
20495	4.099	
20500	4.1	
20505	4.101	
20510	4.102	
20515	4.103	
20520	4.104	
20525	4.105	
20530	4.106	
20535	4.107	
20540	4.108	
20545	4.109	
20550	4.11	
20555	4.111	
20560	4.112	
20565	4.113	
20570	4.114	
20575	4.115	
20580	4.116	
20585	4.117	
20590	4.118	
20595	4.119	
20600	4.12	
20605	4.121	
20610	4.122	
20615	4.123	
20620	4.124	
20625	4.125	
20630	4.126	
20635	4.127	
20640	4.128	
20645	4.129	
20650	4.13	
20655	4.131	
20660	4.132	
20665	4.133	
20670	4.134	
20675	4.135	
20680	4.136	
20685	4.137	
20690	4.138	
20695	4.139	
20700	4.14	
20705	4.141	
20710	4.142	
20715	4.143	
20720	4.144	
20725	4.145	
20730	4.146	
20735	4.147	
20740	4.148	
20745	4.149	
20750	4.15	
20755	4.151	
20760	4.152	
20765	4.153	
20770	4.154	
20775	4.155	
20780	4.156	
20785	4.157	
20790	4.158	
20795	4.159	
20800	4.16	
20805	4.161	
20810	4.162	
20815	4.163	
20820	4.164	
20825	4.165	
20830	4.166	
20835	4.167	
20840	4.168	
20845	4.169	
20850	4.17	
20855	4.171	
20860	4.172	
20865	4.173	
20870	4.174	
20875	4.175	
20880	4.176	
20885	4.177	
20890	4.178	
20895	4.179	
20900	4.18	
20905	4.181	
20910	4.182	
20915	4.183	
20920	4.184	
20925	4.185	
20930	4.186	
20935	4.187	
20940	4.188	
20945	4.189	
20950	4.19	
20955	4.191	
20960	4.192	
20965	4.193	
20970	4.194	
20975	4.195	
20980	4.196	
20985	4.197	
20990	4.198	
20995	4.199	
21000	4.2	
21005	4.201	
21010	4.202	
21015	4.203	
21020	4.204	
21025	4.205	
21030	4.206	
21035	4.207	
21040	4.208	
21045	4.209	
21050	4.21	
21055	4.211	
21060	4.212	
21065	4.213	
21070	4.214	
21075	4.215	
21080	4.216	
21085	4.217	
21090	4.218	
21095	4.219	
21100	4.22	
21105	4.221	
21110	4.222	
21115	4.223	
21120	4.224	
21125	4.225	
21130	4.226	
21135	4.227	
21140	4.228	
21145	4.229	
21150	4.23	
21155	4.231	
21160	4.232	
21165	4.233	
21170	4.234	
21175	4.235	
21180	4.236	
21185	4.237	
21190	4.238	
21195	4.239	
21200	4.24	
21205	4.241	
21210	4.242	
21215	4.243	
21220	4.244	
21225	4.245	
21230	4.246	
21235	4.247	
21240	4.248	
21245	4.249	
21250	4.25	
21255	4.251	
21260	4.252	
21265	4.253	
21270	4.254	
21275	4.255	
21280	4.256	
21285	4.257	
21290	4.258	
21295	4.259	
21300	4.26	
21305	4.261	
21310	4.262	
21315	4.263	
21320	4.264	
21325	4.265	
21330	4.266	
21335	4.267	
21340	4.268	
21345	4.269	
21350	4.27	
21355	4.271	
21360	4.272	
21365	4.273	
21370	4.274	
21375	4.275	
21380	4.276	
21385	4.277	
21390	4.278	
21395	4.279	
21400	4.28	
21405	4.281	
21410	4.282	
21415	4.283	
21420	4.284	
21425	4.285	
21430	4.286	
21435	4.287	
21440	4.288	
21445	4.289	
21450	4.29	
21455	4.291	
21460	4.292	
21465	4.293	
21470	4.294	
21475	4.295	
21480	4.296	
21485	4.297	
21490	4.298	
21495	4.299	
21500	4.3	
21505	4.301	
21510	4.302	
21515	4.303	
21520	4.304	
21525	4.305	
21530	4.306	
21535	4.307	
21540	4.308	
21545	4.309	
21550	4.31	
21555	4.311	
21560	4.312	
21565	4.313	
21570	4.314	
21575	4.315	
21580	4.316	
21585	4.317	
21590	4.318	
21595	4.319	
21600	4.32	
21605	4.321	
21610	4.322	
21615	4.323	
21620	4.324	
21625	4.325	
21630	4.326	
21635	4.327	
21640	4.328	
21645	4.329	
21650	4.33	
21655	4.331	
21660	4.332	
21665	4.333	
21670	4.334	
21675	4.335	
21680	4.336	
21685	4.337	
21690	4.338	
21695	4.339	
21700	4.34	
21705	4.341	
21710	4.342	
21715	4.343	
21720	4.344	
21725	4.345	
21730	4.346	
21735	4.347	
21740	4.348	
21745	4.349	
21750	4.35	
21755	4.351	
21760	4.352	
21765	4.353	
21770	4.354	
21775	4.355	
21780	4.356	
21785	4.357	
21790	4.358	
21795	4.359	
21800	4.36	
21805	4.361	
21810	4.362	
21815	4.363	
21820	4.364	
21825	4.365	
21830	4.366	
21835	4.367	
21840	4.368	
21845	4.369	
21850	4.37	
21855	4.371	
21860	4.372	
21865	4.373	
21870	4.374	
21875	4.375	
21880	4.376	
21885	4.377	
21890	4.378	
21895	4.379	
21900	4.38	
21905	4.381	
21910	4.382	
21915	4.383	
21920	4.384	
21925	4.385	
21930	4.386	
21935	4.387	
21940	4.388	
21945	4.389	
21950	4.39	
21955	4.391	
21960	4.392	
21965	4.393	
21970	4.394	
21975	4.395	
21980	4.396	
21985	4.397	
21990	4.398	
21995	4.399	
22000	4.4	
22005	4.401	
22010	4.402	
22015	4.403	
22020	4.404	
22025	4.405	
22030	4.406	
22035	4.407	
22040	4.408	
22045	4.409	
22050	4.41	
22055	4.411	
22060	4.412	
22065	4.413	
22070	4.414	
22075	4.415	
22080	4.416	
22085	4.417	
22090	4.418	
22095	4.419	
22100	4.42	
22105	4.421	
22110	4.422	
22115	4.423	
22120	4.424	
22125	4.425	
22130	4.426	
22135	4.427	
22140	4.428	
22145	4.429	
22150	4.43	
22155	4.431	
22160	4.432	
22165	4.433	
22170	4.434	
22175	4.435	
22180	4.436	
22185	4.437	
22190	4.438	
22195	4.439	
22200	4.44	
22205	4.441	
22210	4.442	
22215	4.443	
22220	4.444	
22225	4.445	
22230	4.446	
22235	4.447	
22240	4.448	
22245	4.449	
22250	4.45	
22255	4.451	
22260	4.452	
22265	4.453	
22270	4.454	
22275	4.455	
22280	4.456	
22285	4.457	
22290	4.458	
22295	4.459	
22300	4.46	
22305	4.461	
22310	4.462	
22315	4.463	
22320	4.464	
22325	4.465	
22330	4.466	
22335	4.467	
22340	4.468	
22345	4.469	
22350	4.47	
22355	4.471	
22360	4.472	
22365	4.473	
22370	4.474	
22375	4.475	
22380	4.476	
22385	4.477	
22390	4.478	
22395	4.479	
22400	4.48	
22405	4.481	
22410	4.482	
22415	4.483	
22420	4.484	
22425	4.485	
22430	4.486	
22435	4.487	
22440	4.488	
22445	4.489	
22450	4.49	
22455	4.491	
22460	4.492	
22465	4.493	
22470	4.494	
22475	4.495	
22480	4.496	
22485	4.497	
22490	4.498	
22495	4.499	
22500	4.5	
22505	4.501	
22510	4.502	
22515	4.503	
22520	4.504	
22525	4.505	
22530	4.506	
22535	4.507	
22540	4.508	
22545	4.509	
22550	4.51	
22555	4.511	
22560	4.512	
22565	4.513	
22570	4.514	
22575	4.515	
22580	4.516	
22585	4.517	
22590	4.518	
22595	4.519	
22600	4.52	
22605	4.521	
22610	4.522	
22615	4.523	
22620	4.524	
22625	4.525	
22630	4.526	
22635	4.527	
22640	4.528	
22645	4.529	
22650	4.53	
22655	4.531	
22660	4.532	
22665	4.533	
22670	4.534	
22675	4.535	
22680	4.536	
22685	4.537	
22690	4.538	
22695	4.539	
22700	4.54	
22705	4.541	
22710	4.542	
22715	4.543	
22720	4.544	
22725	4.545	
22730	4.546	
22735	4.547	
22740	4.548	
22745	4.549	
22750	4.55	
22755	4.551	
22760	4.552	
22765	4.553	
22770	4.554	
22775	4.555	
22780	4.556	
22785	4.557	
22790	4.558	
22795	4.559	
22800	4.56	
22805	4.561	
22810	4.562	
22815	4.563	
22820	4.564	
22825	4.565	
22830	4.566	
22835	4.567	
22840	4.568	
22845	4.569	
22850	4.57	
22855	4.571	
22860	4.572	
22865	4.573	
22870	4.574	
22875	4.575	
22880	4.576	
22885	4.577	
22890	4.578	
22895	4.579	
22900	4.58	
22905	4.581	
22910	4.582	
22915	4.583	
22920	4.584	
22925	4.585	
22930	4.586	
22935	4.587	
22940	4.588	
22945	4.589	
22950	4.59	
22955	4.591	
22960	4.592	
22965	4.593	
22970	4.594	
22975	4.595	
22980	4.596	
22985	4.597	
22990	4.598	
22995	4.599	
23000	4.6	
23005	4.601	
23010	4.602	
23015	4.603	
23020	4.604	
23025	4.605	
23030	4.606	
23035	4.607	
23040	4.608	
23045	4.609	
23050	4.61	
23055	4.611	
23060	4.612	
23065	4.613	
23070	4.614	
23075	4.615	
23080	4.616	
23085	4.617	
23090	4.618	
23095	4.619	
23100	4.62	
23105	4.621	
23110	4.622	
23115	4.623	
23120	4.624	
23125	4.625	
23130	4.626	
23135	4.627	
23140	4.628	
23145	4.629	
23150	4.63	
23155	4.631	
23160	4.632	
23165	4.633	
23170	4.634	
23175	4.635	
23180	4.636	
23185	4.637	
23190	4.638	
23195	4.639	
23200	4.64	
23205	4.641	
23210	4.642	
23215	4.643	
23220	4.644	
23225	4.645	
23230	4.646	
23235	4.647	
23240	4.648	
23245	4.649	
23250	4.65	
23255	4.651	
23260	4.652	
23265	4.653	
23270	4.654	
23275	4.655	
23280	4.656	
23285	4.657	
23290	4.658	
23295	4.659	
23300	4.66	
23305	4.661	
23310	4.662	
23315	4.663	
23320	4.664	
23325	4.665	
23330	4.666	
23335	4.667	
23340	4.668	
23345	4.669	
23350	4.67	
23355	4.671	
23360	4.672	
23365	4.673	
23370	4.674	
23375	4.675	
23380	4.676	
23385	4.677	
23390	4.678	
23395	4.679	
23400	4.68	
23405	4.681	
23410	4.682	
23415	4.683	
23420	4.684	
23425	4.685	
23430	4.686	
23435	4.687	
23440	4.688	
23445	4.689	
23450	4.69	
23455	4.691	
23460	4.692	
23465	4.693	
23470	4.694	
23475	4.695	
23480	4.696	
23485	4.697	
23490	4.698	
23495	4.699	
23500	4.7	
23505	4.701	
23510	4.702	
23515	4.703	
23520	4.704	
23525	4.705	
23530	4.706	
23535	4.707	
23540	4.708	
23545	4.709	
23550	4.71	
23555	4.711	
23560	4.712	
23565	4.713	
23570	4.714	
23575	4.715	
23580	4.716	
23585	4.717	
23590	4.718	
23595	4.719	
23600	4.72	
23605	4.721	
23610	4.722	
23615	4.723	
23620	4.724	
23625	4.725	
23630	4.726	
23635	4.727	
23640	4.728	
23645	4.729	
23650	4.73	
23655	4.731	
23660	4.732	
23665	4.733	
23670	4.734	
23675	4.735	
23680	4.736	
23685	4.737	
23690	4.738	
23695	4.739	
23700	4.74	
23705	4.741	
23710	4.742	
23715	4.743	
23720	4.744	
23725	4.745	
23730	4.746	
23735	4.747	
23740	4.748	
23745	4.749	
23750	4.75	
23755	4.751	
23760	4.752	
23765	4.753	
23770	4.754	
23775	4.755	
23780	4.756	
23785	4.757	
23790	4.758	
23795	4.759	
23800	4.76	
23805	4.761	
23810	4.762	
23815	4.763	
23820	4.764	
23825	4.765	
23830	4.766	
23835	4.767	
23840	4.768	
23845	4.769	
23850	4.77	
23855	4.771	
23860	4.772	
23865	4.773	
23870	4.774	
23875	4.775	
23880	4.776	
23885	4.777	
23890	4.778	
23895	4.779	
23900	4.78	
23905	4.781	
23910	4.782	
23915	4.783	
23920	4.784	
23925	4.785	
23930	4.786	
23935	4.787	
23940	4.788	
23945	4.789	
23950	4.79	
23955	4.791	
23960	4.792	
23965	4.793	
23970	4.794	
23975	4.795	
23980	4.796	
23985	4.797	
23990	4.798	
23995	4.799	
24000	4.8	
24005	4.801	
24010	4.802	
24015	4.803	
24020	4.804	
24025	4.805	
24030	4.806	
24035	4.807	
24040	4.808	
24045	4.809	
24050	4.81	
24055	4.811	
24060	4.812	
24065	4.813	
24070	4.814	
24075	4.815	
24080	4.816	
24085	4.817	
24090	4.818	
24095	4.819	
24100	4.82	
24105	4.821	
24110	4.822	
24115	4.823	
24120	4.824	
24125	4.825	
24130	4.826	
24135	4.827	
24140	4.828	
24145	4.829	
24150	4.83	
24155	4.831	
24160	4.832	
24165	4.833	
24170	4.834	
24175	4.835	
24180	4.836	
24185	4.837	
24190	4.838	
24195	4.839	
24200	4.84	
24205	4.841	
24210	4.842	
24215	4.843	
24220	4.844	
24225	4.845	
24230	4.846	
24235	4.847	
24240	4.848	
24245	4.849	
24250	4.85	
24255	4.851	
24260	4.852	
24265	4.853	
24270	4.854	
24275	4.855	
24280	4.856	
24285	4.857	
24290	4.858	
24295	4.859	
24300	4.86	
24305	4.861	
24310	4.862	
24315	4.863	
24320	4.864	
24325	4.865	
24330	4.866	
24335	4.867	
24340	4.868	
24345	4.869	
24350	4.87	
24355	4.871	
24360	4.872	
24365	4.873	
24370	4.874	
24375	4.875	
24380	4.876	
24385	4.877	
24390	4.878	
24395	4.879	
24400	4.88	
24405	4.881	
24410	4.882	
24415	4.883	
24420	4.884	
24425	4.885	
24430	4.886	
24435	4.887	
24440	4.888	
24445	4.889	
24450	4.89	
24455	4.891	
24460	4.892	
24465	4.893	
24470	4.894	
24475	4.895	
24480	4.896	
24485	4.897	
24490	4.898	
24495	4.899	
24500	4.9	
24505	4.901	
24510	4.902	
24515	4.903	
24520	4.904	
24525	4.905	
24530	4.906	
24535	4.907	
24540	4.908	
24545	4.909	
24550	4.91	
24555	4.911	
24560	4.912	
24565	4.913	
24570	4.914	
24575	4.915	
24580	4.916	
24585	4.917	
24590	4.918	
24595	4.919	
24600	4.92	
24605	4.921	
24610	4.922	
24615	4.923	
24620	4.924	
24625	4.925	
24630	4.926	
24635	4.927	
24640	4.928	
24645	4.929	
24650	4.93	
24655	4.931	
24660	4.932	
24665	4.933	
24670	4.934	
24675	4.935	
24680	4.936	
24685	4.937	
24690	4.938	
24695	4.939	
24700	4.94	
24705	4.941	
24710	4.942	
24715	4.943	
24720	4.944	
24725	4.945	
24730	4.946	
24735	4.947	
24740	4.948	
24745	4.949	
24750	4.95	
24755	4.951	
24760	4.952	
24765	4.953	
24770	4.954	
24775	4.955	
24780	4.956	
24785	4.957	
24790	4.958	
24795	4.959	
24800	4.96	
24805	4.961	
24810	4.962	
24815	4.963	
24820	4.964	
24825	4.965	
24830	4.966	
24835	4.967	
24840	4.968	
24845	4.969	
24850	4.97	
24855	4.971	
24860	4.972	
24865	4.973	
24870	4.974	
24875	4.975	
24880	4.976	
24885	4.977	
24890	4.978	
24895	4.979	
24900	4.98	
24905	4.981	
24910	4.982	
24915	4.983	
24920	4.984	
24925	4.985	
24930	4.986	
24935	4.987	
24940	4.988	
24945	4.989	
24950	4.99	
24955	4.991	
24960	4.992	
24965	4.993	
24970	4.994	
24975	4.995	
24980	4.996	
24985	4.997	
24990	4.998	
24995	4.999	
25000	5	
25005	5.001	
25010	5.002	
25015	5.003	
25020	5.004	
25025	5.005	
25030	5.006	
25035	5.007	
25040	5.008	
25045	5.009	
